X Y
-5,0806532 5,33099112
5,07195845 -4,4020369
5,46607459 -4,2697037
-5,1103292 5,58967959
5,36003101 -4,3544314
-4,8833985 5,75238068
-4,9929821 5,47828514
5,48507103 -4,1537006
5,49005415 -4,1273618
-5,0388756 5,60526302
-4,9738484 5,24725616
5,3110737 -3,9656002
5,05897995 -4,2031208
-5,1557228 5,24778754
5,36796323 -4,4554928
5,20300081 -4,4848985
5,03675867 -4,1991286
-4,8909177 5,55099998
5,06104535 -4,0873959
5,32990142 -4,1893602
-5,2458022 5,65176177
-5,2351512 5,34725494
-5,1173909 5,5379376
5,11752366 -4,2794474
-5,2613999 5,32830251
5,20074547 -4,1865183
-5,0375993 5,57446217
5,5079485 -4,2497758
5,10788996 -4,1377108
-4,8799736 5,60644156
-4,902055 5,30750713
-5,3092637 5,45646726
5,39711157 -4,1823159
5,31080374 -4,5139875
5,12515222 -4,219038
-5,0645497 5,45815193
-4,9647378 5,52295469
-4,9709001 5,35865031
-4,8738224 5,64921858
-5,3176724 5,50751615
-5,0819381 5,57977516
-4,8722354 5,53555435
5,21716958 -4,3827373
5,47553051 -4,0508322
5,48971771 -4,381019
-5,0414045 5,22654245
5,17274699 -4,3086984
5,46023898 -4,4054389
5,58727012 -4,1948236
5,25679199 -4,4853342
5,53943584 -4,3886118
5,37775108 -3,9620701
5,51789087 -4,1589229
-5,1941343 5,69926581
5,44304328 -4,4543983
-5,0323792 5,56556297
5,43506367 -4,3253907
5,36125361 -4,2665939
5,51850135 -4,2968933
-4,9507775 5,77013882
5,60217452 -4,2267626
5,09243107 -4,1525803
5,22900861 -4,2839379
5,3500419 -4,2493175
5,49133608 -4,2776806
5,30447347 -4,0591014
5,5408668 -4,0704096
5,4395005 -4,4780083
5,30542784 -3,959449
-4,907265 5,50506716
-4,9716484 5,77985312
5,49611445 -4,06239
5,43328361 -4,1265056
5,26224203 -4,4447778
-5,0180176 5,6943102
-5,0694421 5,49418252
5,49238365 -3,9974064
-5,3109951 5,53053508
5,15649144 -4,3406794
-5,0436988 5,3434015
5,17358976 -4,1227639
-4,8718496 5,42936878
5,26428591 -4,3333331
-5,2672519 5,66963582
5,27399509 -4,4994563
-5,2883108 5,56805269
5,55314473 -4,3042606
-4,9565355 5,64009802
-4,8313276 5,59512561
5,10719636 -4,3465301
5,04272221 -4,3515275
5,32887091 -4,2265337
-5,1195411 5,62148444
5,11372166 -4,3132441
5,34193415 -4,1210449
-4,9644968 5,26690993
-5,208234 5,40382257
-5,1247401 5,56641478
5,21944664 -4,1046715
-4,8025003 5,46458721
-4,9964636 5,4457247
5,16048109 -4,2371117
-4,9026071 5,42141846
-4,9466398 5,69038923
5,35251314 -4,5019702
-5,1803222 5,2862892
5,29367788 -3,974679
5,36231586 -4,1971456
5,13905413 -3,9846017
5,39631144 -4,1774365
-5,1523565 5,49324655
-4,9409835 5,48363804
-5,2266836 5,47685929
-4,9031591 5,65015125
5,572023 -4,1121605
5,49655444 -4,2465861
-5,2268189 5,69655484
-4,7822844 5,52033645
5,41878041 -4,2491378
5,50826063 -4,1681313
5,47423201 -4,2923083
-5,1987678 5,51660974
5,16865097 -4,2451618
-4,7872178 5,54854874
5,239822 -4,0912505
5,16620853 -4,0399436
5,30925341 -4,0643052
5,52960357 -4,1292966
5,4350212 -4,0001515
5,15383316 -3,9826427
5,28808482 -4,290438
-4,8719548 5,68966983
-4,9626505 5,69866399
-5,1666778 5,32569817
5,33599273 -3,9975825
-5,2788804 5,5414628
-5,1299856 5,40057473
-4,7527581 5,48221023
-4,9873358 5,61029475
-4,7602806 5,46337128
5,38649197 -4,4153151
5,31196742 -3,9642726
-5,0662377 5,37612182
-5,0388469 5,38463917
-5,1019953 5,40441102
-5,1741363 5,66748618
5,28741994 -4,1382071
5,07943523 -4,328625
5,14149201 -4,2606232
5,55507099 -4,3434776
5,42735466 -4,4548106
-5,2044908 5,27537392
-5,019456 5,47254686
5,47350001 -4,4533496
5,13715333 -3,9691784
5,09620981 -4,3855779
5,53130245 -4,3566067
5,14616416 -4,2617165
5,36311406 -4,3741988
-5,14317 5,69829072
-5,2060253 5,71498106
-4,9235027 5,47458674
5,22188432 -4,4401905
-5,1705676 5,51328549
-4,8574284 5,33986748
5,19782152 -3,9579805
-4,846139 5,5916537
5,23615991 -4,4881535
-5,1856712 5,68822768
-4,9976188 5,38079789
-5,0705089 5,38833717
5,18458627 -4,083724
-5,1971707 5,65808512
5,39237233 -4,2785749
5,51751027 -4,1540078
-5,1128267 5,32114176
-4,8983846 5,32329345
5,16605357 -4,349184
-5,1347263 5,36063344
-5,1562615 5,32783089
5,52465252 -4,2364852
5,5144936 -4,15425
-4,9147919 5,60507927
5,13796139 -4,3979748
5,58681789 -4,2048373
5,32081806 -4,4419396
-5,0104396 5,71547266
-4,8129912 5,63930866
5,30174581 -4,2004275
-5,1136814 5,22455032
-4,8675234 5,61887011
-4,8002592 5,6367957
5,26847999 -4,2599149
-5,1709605 5,42197954
5,21827759 -4,2456309
5,36793213 -4,4153472
-4,9106639 5,31293008
5,3173609 -4,4607221
-5,2415568 5,59653655
-5,0254851 5,24714125
5,56856073 -4,1449276
-5,0709059 5,76635714
-4,9814877 5,23004645
-5,062974 5,6633158
-5,0876614 5,24037379
-5,0725049 5,56895063
5,47554388 -4,4195721
-5,0676212 5,41045236
5,43768051 -3,9789296
5,45489144 -4,3856366
-5,2787763 5,3565507
5,35039001 -4,5030002
-5,0740775 5,75346977
5,09640946 -4,3091198
-4,8675914 5,66970574
5,33445052 -4,1331754
-4,9777746 5,54267891
5,11640284 -4,1322681
-5,228353 5,72456114
5,3112328 -4,514505
5,30775578 -4,0496643
-5,1604805 5,44225351
5,16779748 -4,1385402
-5,0934935 5,57719878
5,54540699 -4,1363595
5,20511654 -4,4558439
5,41775319 -3,9915908
-5,1469146 5,50155897
5,22108496 -4,2331925
-4,8985316 5,29643234
5,27276117 -3,9244635
-4,9084548 5,46069076
-5,037677 5,51061414
5,12357381 -4,3473551
-4,9731014 5,65829583
5,35889238 -4,1804604
-5,0293595 5,75751691
5,50588553 -4,1845907
5,06919681 -4,146669
5,14862617 -4,1054416
5,25495036 -3,9656881
5,25082744 -4,1668396
5,23615447 -4,1001772
5,22438737 -4,4908859
-4,9333656 5,60694465
-5,2380681 5,30809396
-5,067266 5,61703006
-5,2732112 5,3929405
5,23071435 -4,3752926
-4,7824506 5,5147012
5,1193193 -4,0003391
5,074979 -4,1369107
-5,1063445 5,57315719
-5,3364585 5,53985726
-4,9963356 5,38780725
5,03069527 -4,1123022
5,46529571 -4,2495255
-4,8161561 5,46756102
5,38322907 -3,9698537
5,36870104 -4,3238287
-5,2066793 5,36358057
-4,7696067 5,59902459
-5,0414192 5,57318374
5,5028686 -4,006752
5,08356901 -4,3723148
5,09063041 -4,3151642
5,42812559 -4,0991295
-5,0556893 5,60276011
-5,1741052 5,53592883
-4,8756652 5,53397757
-4,9289934 5,4942461
-5,1810705 5,42845405
-5,1204092 5,72920745
5,29755222 -3,9661154
-5,1536213 5,54084228
5,47976514 -4,3241217
-5,2453989 5,57808909
5,38304297 -4,045477
5,31786412 -4,2677959
5,05836432 -4,3362165
5,43613919 -4,0348087
5,43470329 -4,1510259
5,36852225 -4,075004
-4,9835236 5,65310405
-5,1281565 5,607291
5,16968169 -4,2142177
-5,0752201 5,63582762
-5,0849451 5,50415067
5,30188128 -3,9202216
5,19167915 -4,1604926
-5,0665908 5,77708902
5,04816781 -4,1561556
-5,026772 5,58172353
5,32711941 -4,3359501
-4,7973542 5,41248454
5,46555508 -4,0867577
5,53573465 -4,1603673
-5,2009266 5,73226496
5,29637444 -4,1878957
-4,9809705 5,57484834
5,22976092 -4,2626733
5,29860343 -4,07738
5,44072672 -4,0357668
5,20868448 -4,0327703
5,40311405 -4,2621292
-4,8307486 5,40373918
5,51758097 -4,4041538
-4,8120493 5,59931005
5,4545603 -4,3032493
5,35262419 -4,4789209
5,38154097 -4,024567
5,41047777 -3,9501574
5,35802224 -4,069402
5,25310534 -4,0643449
5,30343731 -3,9258407
5,41082284 -4,4010864
-5,2163928 5,56331627
5,39911207 -4,2523406
5,38943361 -4,3782862
5,46885802 -4,3330221
-4,7607092 5,5267695
5,26910562 -4,2925188
5,45871331 -4,2483657
-5,1184676 5,62480427
5,20471047 -4,0693655
5,58044621 -4,2497113
5,43836405 -4,0086977
5,03708081 -4,3232003
5,26968559 -4,1435178
5,35248508 -4,0296607
-5,1554284 5,70435077
-4,8875745 5,32703795
-5,0220253 5,62231489
5,20819294 -4,2862579
5,21382591 -4,1329736
5,13190664 -4,0639671
-5,1848829 5,29762512
-5,1319754 -2,0181756
-4,7617199 5,46328787
5,52083208 -4,0766206
-5,0023069 5,47625404
5,36237888 -4,2856433
5,13411492 -4,1900856
5,40209149 -4,1844439
5,22334195 -4,5000956
-5,2477931 5,32683946
5,13910824 -4,2299726
-4,909419 5,29902451
-4,8718903 5,55747119
5,26394212 -4,1246507
-4,8264884 5,33779287
5,08418384 -4,0816809
5,12205809 -4,0093077
5,33416922 -4,1011626
5,3054372 -4,3662559
5,1835729 -4,2465237
-4,8503435 5,61254498
-5,060368 5,54833372
5,5592449 -4,3214081
5,33846943 -4,0578189
5,50754209 -4,433161
5,23678688 -4,4213971
-5,2673368 5,69139299
-4,9540334 5,7139051
5,5568929 -4,3749498
5,059797 -4,2420257
5,27234803 -3,9842315
-4,8640504 5,58377788
5,54765942 -4,2583089
5,275268 -4,1764372
5,29371153 -4,08986
-5,1488337 5,74608661
5,39570365 -3,9764091
5,28211229 -4,1919011
-5,2054151 5,41218607
5,51600485 -4,0071653
-4,9622511 5,52825005
5,39888732 -4,3381844
-5,1178007 5,58461823
-5,1561125 5,28778352
5,31206445 -4,3163812
-5,0521918 5,29270722
5,45274199 -4,0138382
5,12046137 -3,9980055
5,4299427 -4,1753413
5,19703282 -4,2739817
-5,0836615 5,74884917
-5,0254836 5,56421558
-5,0526192 5,45847914
5,02718303 -4,2715432
-5,1002582 5,43233609
-5,3254209 5,59279242
5,0384637 -4,345665
5,2717382 -4,020786
5,26243286 -4,1628337
5,06507032 -4,1523887
-4,7751335 5,60058984
-5,2734448 5,35203556
5,46285041 -4,2831847
-5,1639231 5,33219238
-5,238795 5,50276449
-5,1215147 5,57824408
5,50405848 -4,3758183
5,3757285 -4,4385245
-4,7793211 5,43128508
5,45248667 -4,4128095
5,40035994 -4,3553293
-5,0232977 5,27216569
-5,321291 5,53687319
-4,9938701 5,60373544
5,3988354 -4,0992201
5,31758604 -4,3893431
5,04296718 -4,3110881
5,37061682 -4,4516892
5,3255823 -4,2851208
-5,0450239 5,76454993
-4,8915807 5,7532629
5,07725999 -4,2577605
5,1871229 -4,265035
-4,8615406 5,49149877
5,47720999 -4,2277319
5,25853811 -4,2323449
5,37854056 -4,1985032
-4,9403276 5,34245112
-5,1582554 5,45925517
5,14961613 -4,2659973
5,16506683 -4,3938503
-5,1885402 5,2952705
-4,8050253 5,61857531
5,32854429 -4,1230065
5,55420562 -4,1139837
-4,8043299 5,57177739
5,21806784 -4,4077951
5,40591072 -3,9559614
5,53228323 -4,0752446
5,47357314 -4,1704464
5,11161461 -4,2633884
-5,3375834 5,53720506
5,38692494 -4,4446917
5,51250057 -4,398898
-5,3390287 5,44908696
-5,0313733 5,6860233
5,19042387 -4,2718033
-5,1479747 5,60964605
-4,7513813 5,49940743
5,40277419 -4,1513846
-5,0062696 5,51373443
-4,9124961 5,47549774
-5,1222354 5,4538799
5,15984023 -4,0823956
5,5503519 -4,1305651
-5,3135183 5,44436735
5,20786813 -4,4437471
-5,2054502 5,63231714
5,39306422 -4,2960865
5,12444989 -4,3691901
-4,9874864 5,63514317
-5,1798636 5,54360544
5,04166049 -4,1214946
-5,1429592 5,37339552
5,41985563 -4,1104194
5,45782345 -4,3934484
-5,1295564 5,34184824
5,10496867 -4,1089827
5,42163883 -4,3271298
5,51033795 -4,2736677
-5,1622241 5,58304155
-5,2658361 5,49407049
-5,114229 5,61913527
5,3634969 -4,3812438
-5,1205187 5,61772011
5,10670583 -4,3064378
5,33618008 -4,2954958
5,29057484 -4,0566655
5,04330537 -4,0853077
-4,8126579 5,42530559
5,52448071 -4,0778307
-5,2094851 5,5509618
-4,8928136 5,51198881
-4,8576779 5,56899299
-5,2256966 5,38850436
-4,9646277 5,44331474
5,28193501 -4,4425304
5,36611973 -4,1994826
-4,9157628 5,3349085
-5,0800271 5,79344575
5,33291954 -4,0055878
-5,0801071 5,5618384
-4,852419 5,64462149
5,35968878 -4,2515636
-5,2116152 5,44608161
-5,2535838 5,35984252
-5,2947306 5,59649955
-5,1795213 5,35039652
-5,1239115 5,76503676
-5,1888136 5,42969015
5,10822375 -4,2793422
-5,1204612 5,24119645
5,31644597 -4,0370945
5,22843132 -4,1874339
5,35541094 -4,1481834
5,27675347 -4,3301946
5,15381589 -4,1970391
5,46691086 -4,0262599
5,49649034 -4,0831775
5,39561384 -4,0627941
5,14979348 -4,4685214
5,21354309 -4,1086885
-5,3333669 5,43112504
-4,9477701 5,75897951
-5,0555171 5,4426266
5,18455797 -4,401363
-4,8907138 5,72286338
-4,9456501 5,5265681
5,3167636 -4,3197939
-5,1968551 5,25324936
5,24484289 -4,2088365
5,56239612 -4,2516194
5,23610973 -3,9839982
-4,8375732 5,30209599
-4,9015278 5,32129579
-5,1433677 5,23489318
-5,1305399 5,38407537
5,47830134 -4,3171125
5,57342818 -4,2982484
5,22532519 -4,0647059
-5,0189523 5,53955503
-4,8671065 5,33730285
5,48529728 -4,4115873
-4,993384 5,51664286
-5,0510069 5,29171523
-5,0387069 5,56232229
-4,7969681 5,61362392
-4,9895123 5,40802829
-5,1133797 5,72792128
5,47379495 -3,985418
-5,1669256 5,58664207
-4,9507686 5,73446
-4,9835438 5,74854928
-5,0807054 5,51174651
5,19674397 -4,4836779
-4,9930687 5,62440246
-4,780614 5,54738977
-5,2536851 5,55144274
5,46750622 -4,4114779
-4,9484269 5,45915381
5,41215719 -3,9608723
-4,8117118 5,45963261
5,400009 -4,4871614
-4,8216397 5,40894253
-4,9293816 5,38532217
-4,8589681 5,31773657
5,44360147 -4,3970806
5,44927048 -4,1450164
5,3131921 -4,2779631
-5,1868965 5,48917547
-5,2474874 5,34894885
-5,0974678 5,45179917
5,49816742 -4,2343043
-5,0641999 5,24146079
5,24034529 -4,4750096
5,30159555 -3,9964091
5,27005115 -4,437523
5,40458473 -4,4536369
5,17673297 -4,3809078
5,22543098 -4,1838863
5,10597465 -4,3185923
5,3035356 -4,3845723
5,4696192 -4,1577735
-5,2607167 5,44888227
5,40276081 -4,1131115
5,36145424 -3,9877203
5,12758767 -4,1041695
5,47656282 -4,4594373
5,20049954 -4,1749806
-5,2015157 5,50687347
-4,8184325 5,40702512
-5,3060967 5,50231171
5,54445988 -4,1723601
-4,9072836 5,55351957
5,31770713 -4,3277094
5,25133079 -4,4854689
-5,2530269 5,42405016
-4,8473441 5,34492918
5,01679595 -4,1301091
5,31600179 -3,9496808
5,43150136 -4,1143967
5,29074637 -4,0438547
-4,8528406 5,46799071
-5,2504562 5,59080149
5,24395231 -4,1050421
-4,7780943 5,59170085
5,33715996 -4,180923
-5,0631306 5,2363131
-5,0324833 5,29934502
-4,9349756 5,29333497
5,36932217 -4,0610632
5,45866553 -4,4600134
5,5019713 -4,1697815
-4,8366118 5,34830105
5,30446782 -4,4599771
-5,0538527 5,37421354
5,37362019 -4,4148864
-4,8283896 5,34352689
5,25621599 -4,4307598
-5,0161335 5,63248375
5,19162304 -3,9691879
5,43057859 -4,3707808
5,25775589 -4,439578
5,10278993 -4,1092739
5,13469856 -4,1005028
-4,8172194 5,42855508
5,17628043 -4,2322366
-4,8409191 5,54810541
5,30508799 -4,311735
5,37915059 -4,3439656
5,03972527 -4,1368705
-4,929632 5,69961524
-4,7866588 5,43571264
5,44497219 -4,022142
5,43190926 -4,1326755
5,37410774 -4,0187004
-5,2862264 5,44638219
5,219053 -4,2256208
-5,0522506 5,66715103
-5,0621445 5,76711743
5,37586541 -4,0688286
5,36353748 -3,9967208
5,07336558 -4,0844756
5,10540812 -4,3655699
5,38699696 -4,1266752
-4,8285657 5,63725751
5,02679593 -4,1841793
-5,0139951 5,22667578
-5,16205 5,31622153
5,0898163 -4,053018
5,11973774 -4,3101655
5,4805117 -4,0264797
5,13628054 -4,012222
5,19854288 -4,4542237
-5,106136 5,25660845
5,2810054 -4,1520357
5,20944316 -3,9666417
-4,8318018 5,60324808
-5,1772063 5,54506425
-5,1757944 5,44839003
-4,9288984 5,43554454
5,14568578 -4,1054947
-5,0929738 5,38775548
-5,0635458 5,33628165
5,33151929 -4,2280647
5,52651492 -4,1085782
-4,8871324 5,71474488
-4,9095277 5,53433116
-5,1812856 5,30090227
-5,2781191 5,33964854
-5,1755711 5,64842894
5,05062164 -4,1876611
5,47514439 -4,2615645
-4,8466338 5,71428996
-4,9120797 5,39169019
5,53694738 -4,2419177
-5,1464406 5,53228399
5,38246752 -4,1677773
5,41838672 -4,256742
-4,8151404 5,42824074
-4,9069015 5,32594887
-4,8424891 5,56223593
5,4926252 -4,0164995
-5,1888689 5,53194649
5,34133668 -4,2261732
5,25577682 -3,9542835
5,13946114 -4,4466867
-4,8884486 5,71640515
-5,3013634 5,63639276
5,23130887 -4,3432058
-5,0838822 5,5119034
-4,8841728 5,37249457
-5,0779377 5,48713105
5,12674551 -4,0329838
-4,9209028 5,57371361
-4,8684172 5,72518272
-4,9960401 5,47949658
5,24267603 -4,5064945
-5,1858223 5,63582456
-4,9676648 5,54277644
5,16813206 -4,4418394
-5,1784876 5,28337312
-5,0431457 5,3309421
5,52903776 -4,3095608
-5,08997 5,2600873
-5,0496498 5,38902152
5,42284676 -4,3204246
5,32911958 -4,4955543
-5,1964483 5,54898639
5,23128749 -4,4567718
5,32522665 -4,2423173
-5,2710635 5,48379692
-4,9503255 5,37316161
5,0337659 -4,3366553
-5,196326 5,41414169
5,19194997 -4,4155635
5,41722302 -4,4346166
5,37097677 -4,3466802
-4,860686 5,66916204
5,54964466 -4,248607
5,33988427 -4,482265
5,12729045 -4,3626889
5,26360971 -3,9742664
5,41655264 -4,0221844
-5,2697784 5,53363013
-5,2089047 5,57622421
5,22190901 -4,0334588
-4,9599691 5,52218335
5,46641015 -4,2241331
5,20181329 -4,1698808
5,14823149 -4,1128011
-5,1608594 5,60296836
-5,1345686 5,79113655
5,03271704 -4,0923545
5,40057328 -4,2288288
-5,1801578 5,5259433
-4,8697413 5,60487859
-4,9891775 5,51681087
5,17631654 -4,2352969
5,36841671 -3,9321396
5,10791405 -4,0093603
5,47272702 -4,1227999
-4,9968903 5,5193907
-4,834322 5,40550439
5,26393444 -4,0903523
-5,2571094 5,34123791
5,28281411 -4,228129
-5,2497697 5,57726186
5,46159144 -4,1888547
-5,2918763 5,62656536
5,06882093 -4,0972029
5,28955616 -4,1862552
-5,186156 5,24092418
5,12749093 -3,9780414
5,07205736 -4,2101958
5,35736509 -4,3390941
5,2813057 -3,9661632
5,08162619 -4,1879795
-4,9113473 5,62011082
-5,1976405 5,68990567
-4,9771387 5,66591579
5,43828137 -4,4118259
-5,2099701 5,46015815
5,12520538 -4,4148025
-5,065918 5,70010612
-5,0143182 5,43221306
-4,8420536 5,67805209
5,559138 -4,2742779
5,44567323 -4,1961491
5,21294522 -4,375135
5,07150835 -4,0310306
5,36122986 -4,2880072
5,54049872 -4,1569094
-5,0790641 5,3749117
5,46446659 -4,0292658
5,22922947 -4,0942111
5,5093308 -4,3019531
5,30564931 -3,9581866
5,39230193 -4,3631397
5,08540549 -4,1323738
5,51683839 -4,0400676
-4,9396207 5,78158364
5,26081991 -3,933144
5,1286003 -4,1495771
5,4782525 -4,1764583
5,18752606 -4,2115802
5,32261716 -4,1708562
5,21964695 -4,3392565
-5,212835 5,33501573
5,20436264 -4,3333335
5,07885247 -4,0656967
5,23218624 -3,9732769
-5,0064443 5,21720631
5,23940108 -4,4461097
5,2958285 -4,4638234
-4,8213322 5,69959258
5,3829111 -4,1563496
5,44224129 -3,9741028
-5,0046962 5,469657
5,36522306 -4,0028064
5,28579283 -4,0537997
-5,2575356 5,69069673
-5,0422085 5,56755593
-5,1088945 5,43617665
5,39328384 -4,2306545
5,10301675 -4,3265389
5,304259 -4,3999592
5,10129158 -4,0101817
5,17955729 -4,2457822
-5,0892852 5,490672
-5,10907 5,27083077
-4,9816177 5,49252885
5,30156087 -4,425242
-5,1627455 5,39152773
5,22425375 -4,0783043
-4,8706621 5,63179507
5,14734732 -4,4029641
5,17311191 -3,9528279
-4,9697626 5,67493643
5,53408882 -4,1766536
-4,9977555 5,47281599
5,38480391 -4,2139257
5,36459866 -4,1125639
5,13790784 -4,0495451
5,30556629 -4,1685915
-4,8556327 5,42969543
5,22144019 -4,0814003
5,13101273 -4,2509828
-4,9659728 5,44344899
-4,9111133 5,29193345
5,45046671 -4,4091787
-4,8187824 5,41735307
-5,1144179 5,69667619
-4,9780634 5,73186665
5,47238174 -4,3745507
5,16724937 -4,3613419
-4,9638847 5,78010237
-5,2889172 5,4524405
5,48967703 -4,1477137
-4,943874 5,26438206
5,56933486 -4,2633388
5,51170993 -4,0872532
5,07513134 -4,2667551
-4,8544753 5,31795057
5,10171487 -4,3537745
5,1761413 -4,0838054
-5,1887429 5,47767694
-4,7985475 5,46787981
5,30605563 -4,3869489
5,39182663 -4,3173562
-5,0979151 5,62782357
-5,0026559 5,26112785
-5,1667775 5,3473973
5,56105271 -4,2951574
5,06375321 -4,3398183
5,29555979 -4,4108911
5,2635941 -4,4687683
5,50297995 -4,1157906
-5,315494 5,42709102
-4,9588773 5,51799491
-4,8529873 5,52580409
5,37654096 -4,0317377
5,13491528 -4,0208939
-5,019817 5,73823207
5,19767063 -4,1955966
-5,2550474 5,31834379
-4,9078893 5,71138498
-5,0490288 5,59716998
5,46461704 -4,162754
5,04085087 -4,212161
5,26733888 -4,1520058
5,07121295 -4,3528782
5,4741847 -4,194052
-5,080281 5,55992864
-4,781194 5,38864448
5,16832907 -4,0335851
-4,9321463 5,46647843
5,37428615 -4,0831632
-5,0817753 5,80437715
-4,9571071 5,38393649
-5,0718555 5,3357933
-4,8974896 5,59850847
-4,8377499 5,6345363
5,0689727 -4,3114443
5,15324747 -4,3715498
5,29849853 -4,0096639
-4,7980605 5,36513478
5,52227587 -4,3735646
-5,0428491 5,46013706
5,16410694 -4,1236547
-5,1812501 5,53946892
5,41727141 -4,1140054
-4,8383716 5,3291096
-4,8936899 5,58010388
5,07297416 -4,2034261
5,37002912 -4,0836193
5,31853032 -3,9911618
5,37010432 -4,4350976
-4,8239598 5,38704755
5,08099912 -4,2792663
5,34443244 -3,9954246
5,28253744 -4,4504419
-5,3058498 5,52982134
5,33337957 -4,0497459
5,26531501 -4,2306627
-4,8288364 5,49836572
-4,8651442 5,65865572
5,17195296 -4,0285415
5,2250657 -4,4384106
5,42444762 -3,9999677
-5,0186275 5,52436324
-4,9747409 5,6001449
5,03604154 -4,2335429
5,06708956 -4,0352804
5,21351203 -4,3402645
-5,234006 5,58028704
-5,30225 5,48675554
5,29420485 -3,9906423
5,41099173 -4,2977088
-5,066303 5,50081301
-5,0638042 5,25594624
5,38524579 -4,1803314
5,34133998 -4,0729792
-5,2343389 5,52437335
-5,2298836 5,72336459
5,37938549 -4,0819085
-5,1563332 5,54338005
-5,141425 5,39970799
5,18869862 -4,1837742
-5,1216933 5,44360444
5,52595236 -4,0984262
-4,8734494 5,28107352
-4,7930553 5,38745049
-5,2736369 5,38994411
-5,3005281 5,39604686
5,37844192 -4,2121634
5,44531159 -4,314042
-5,270689 5,46107502
-5,2036704 5,39165887
5,19177502 -3,9378606
-4,9053962 5,30973055
-5,0478715 5,7522773
5,39745825 -3,9437463
-5,1179956 5,5013565
5,17101766 -4,3875631
5,36915077 -4,0818927
-5,0743033 5,45747709
5,51665204 -4,2642104
5,22403511 -4,2617021
5,30016919 -4,356365
5,19298281 -4,3537183
-5,1886165 5,70212382
-4,8680345 5,47459906
-4,8653522 5,32557908
-5,0985466 5,28258564
-5,0806049 5,30896209
-5,2526407 5,2863957
-5,1132353 5,77938175
5,48895526 -4,3658272
-4,8635752 5,43452087
5,46689178 -4,0661565
5,55545042 -4,235866
5,57642353 -4,2436229
5,40394781 -4,1713845
5,51350087 -4,3493138
-5,1503196 5,31690134
-5,231978 5,42109343
-5,1059677 5,2307444
-4,947207 5,53343941
-4,9910841 5,60986065
5,32874135 -4,0177421
-5,1109831 5,75217903
-5,1359564 5,66417234
-5,0911155 5,70306872
-5,1249449 5,75038848
5,37827815 -4,2678875
-5,1554257 5,26758196
5,05753041 -4,2455158
-5,1099156 5,46706257
5,50788065 -4,2207873
5,1066667 -4,2749414
5,0796522 -4,2420334
-4,8230776 5,46122524
5,20397983 -4,161169
5,26967376 -4,3257324
-5,0449552 5,64448966
-5,0842786 5,36997418
5,07037605 -4,3516805
5,4597387 -4,3570958
5,15507419 -4,4284953
-5,1031419 5,35911356
-4,9997254 5,5732254
-4,9304709 5,2449098
-4,929303 5,29993752
5,14860795 -4,1360314
-5,0992809 5,25357668
-4,7996193 5,42556888
5,55728524 -4,1882818
-5,0256353 5,52665712
-4,6072436 -1,3882315
5,21779362 -4,4076848
-5,0843622 5,46243628
-4,8886863 5,68414978
5,30000152 -3,9682473
-5,1111945 5,55136335
5,40672404 -4,4085203
5,16683561 -4,1027208
5,49294675 -4,4317365
5,35615776 -4,3643154
-4,8517832 5,6927665
5,2750038 -3,9878159
5,37019859 -4,4230045
5,13881996 -4,4445103
-4,9361377 5,50236914
5,42205365 -4,4744594
5,59658659 -4,23902
5,43223142 -4,4748546
5,39739768 -4,1428805
-4,8154454 5,67717448
-4,9793433 5,46332608
-4,9081001 5,45396197
5,18069918 -4,4288386
-4,982359 5,37267894
-4,9000891 5,490761
-4,9706866 5,69466259
-4,9619684 5,55203112
-5,1987248 5,30609127
-4,9314029 5,6809367
-5,1783466 5,38313182
-4,8425023 5,29766608
-5,022388 5,47025261
-4,8137401 5,57433029
-5,1151999 5,29177441
-4,9957812 5,43403126
5,2309722 -4,2306911
5,33756825 -4,1473231
-5,0819165 5,41806044
5,5370429 -4,0886731
5,44097299 -4,0064811
-5,0307423 5,43926854
-5,2583365 5,69240764
-4,9236744 5,43089737
-5,3040305 5,51866636
5,27312453 -4,3151205
5,09077687 -4,2433321
5,23840049 -4,139772
5,12284672 -4,1629815
5,29935266 -4,3636233
5,52630192 -4,2555798
-4,9885035 5,28578815
5,17629124 -4,2159719
5,27746886 -4,3436756
-4,993944 5,49852052
5,5713827 -4,0982854
5,42581386 -4,3632455
5,44519074 -4,2823293
5,43592031 -4,4091027
-5,0613434 5,55019766
5,25097859 -3,9623727
-4,8123048 5,52120993
5,57403 -4,089647
-5,0403542 5,30650359
-5,2130479 5,28469673
-4,8289677 5,41225154
5,09202339 -4,3070178
-5,311315 5,46811164
5,57805587 -4,2076147
-5,2508925 5,39340485
5,51311157 -4,1011815
-5,0453519 5,54088968
-5,1189975 5,55040644
-4,8889205 5,62390144
5,08954614 -4,3561049
-4,9755824 5,67701647
-5,0777306 5,48051161
5,17275284 -4,1508473
5,3489098 -4,1328543
5,5354201 -4,1398526
2,68754196 -3,0595695
-5,0880804 5,29398363
-5,1053016 5,45129622
-4,825617 5,57158794
-4,9695331 5,28391597
5,29378264 -4,205568
-4,8736881 5,34163394
-5,2094778 5,55739592
-5,2428295 5,3961167
-4,7896207 5,64652118
5,20540306 -4,2174076
-4,8192009 5,45750503
5,31380512 -4,2822919
-5,0306311 5,32587227
5,4887045 -4,1283587
-5,161348 5,29277421
5,06199887 -4,0480229
-4,9488284 5,42009265
5,54009699 -4,0458
-5,0439305 5,51066634
5,28810656 -4,3826642
5,23642161 -4,2876136
-4,8849393 5,28027338
-5,0140801 5,30620903
5,59922977 -4,2015677
5,51091639 -4,3610714
-5,1359587 5,31408681
-5,0849615 5,45434496
-4,9720893 5,61670907
-4,9257405 5,28510714
5,19051844 -4,2351112
5,46730974 -4,1444583
5,26327847 -4,0302966
-5,1337451 5,58652034
-4,9604327 5,47630019
-4,9458177 5,3338007
5,18821397 -4,4008983
-4,905511 5,29540834
-4,8987308 5,43049096
5,03047841 -4,119458
5,45103282 -4,1235431
5,07889597 -4,3036408
5,08059736 -4,3164265
-5,2057783 5,67046171
5,50285081 -4,0194043
-4,9981645 5,43809885
-4,8313658 5,63992903
5,0741437 -4,0462881
-5,1808354 5,37982743
5,29822815 -3,9472664
-5,0712682 5,40514955
-5,164249 5,71918739
-4,8629282 5,66522349
-5,0940603 5,40680741
5,45154676 -4,1327393
5,19645486 -4,4521989
-5,1608291 5,70394554
5,25517088 -3,9939809
-4,9012061 5,66031096
5,46456004 -4,1639021
5,13714567 -4,2272662
-5,1114126 5,24462736
-5,1209129 5,41878654
-5,1264429 5,41873984
-5,1362702 5,75561837
5,53457724 -4,0764187
5,34442819 -4,0430989
5,29020996 -4,3141631
-5,2295738 5,64762979
-4,9285496 5,50813182
5,3155012 -3,9452255
-5,25659 5,62422103
5,09643545 -4,1805554
-4,7535026 5,48252467
-4,848672 5,53685319
5,2792918 -4,2377288
-4,8489618 5,53348741
5,09552031 -4,0810324
-5,019154 5,39741683
5,19300848 -4,2077676
5,40184493 -4,1492992
5,0265264 -4,2852542
5,21976927 -4,4807591
-5,1497634 5,23416681
5,30661975 -4,2537029
-4,7709017 5,55964699
5,5776358 -4,2388471
-4,9500006 5,42004349
5,07876086 -4,2218224
5,41224594 -4,4776102
-4,9828346 5,44607035
5,48132507 -4,3842325
5,14336895 -4,4333102
5,54946587 -4,2208311
-4,8024247 5,36318262
5,55313527 -4,1261015
5,38333351 -4,4511964
5,18574768 -4,3539483
5,57860685 -4,1992344
-4,9812419 5,51460959
5,14390376 -4,1072606
5,38066838 -4,1915184
-5,1412197 5,53797355
-5,1727721 5,46158462
5,49968184 -4,2819901
5,08971831 -4,0530811
5,04789351 -4,3653949
5,52426013 -4,171355
-4,8807144 5,36052514
5,13678403 -4,3479891
5,4937693 -4,1802718
-5,2464255 5,67517814
5,03120573 -4,2735075
5,4485181 -4,0232838
5,08831065 -4,0726045
5,38500606 -4,2289024
5,37136496 -4,411745
-5,130078 5,25964477
-4,9253544 5,77399404
-5,1631456 5,53974036
5,20494639 -4,4251533
5,37619369 -4,2465395
-5,2693645 5,57132843
-5,0570261 5,57773841
5,54062861 -4,3353848
5,05085317 -4,1020609
-5,0601332 5,45738182
5,50806512 -4,303758
-4,9555116 5,75374912
5,26139753 -4,1402353
-5,2102175 5,68141051
5,34557786 -4,0029311
5,4035049 -4,3693207
5,12599926 -4,2897925
5,13396874 -4,0523146
5,31040299 -4,4468209
5,26378564 -3,9676154
-5,2818083 5,58482491
5,1343683 -3,9764404
5,27450764 -4,0803329
-4,8576511 5,41475503
-5,2574373 5,72110168
-4,839773 5,33807682
-4,9529966 5,40533847
5,39810846 -4,4593708
5,19611083 -4,378488
-4,7589714 5,43087913
5,53067111 -4,1974123
-5,0703816 5,42441856
-5,2744818 5,61151021
5,35986154 -3,9820752
5,19144759 -4,2892305
5,23188429 -4,3650801
-5,0491681 5,65705889
5,36083306 -4,1019931
-4,7785539 5,42092216
5,22274753 -4,0465534
5,2528866 -4,0463157
-5,1352032 5,79120835
-5,1147297 5,40023635
-5,1197281 5,27735311
5,41718522 -4,4075585
5,50841414 -4,1571196
5,21385694 -4,0753345
-5,1174011 5,772989
5,3384787 -3,9472051
-5,229561 5,7228514
-4,9746541 5,70925468
5,32445171 -4,3180262
-4,9145209 5,29507211
-5,1423376 5,47210215
-4,7986533 5,41122515
5,51146685 -4,3598095
-5,2278238 5,61664583
-5,0856368 5,37155487
5,084852 -4,397365
5,08110986 -4,1829594
-4,8095419 5,6866733
-4,8979874 5,44095599
5,05009656 -4,1145029
5,44915488 -4,2845388
5,33362275 -4,2654091
-4,7855636 5,6114354
-5,0794876 5,35099264
-5,1358934 5,78023111
5,57503967 -4,2640302
5,55333898 -4,0779428
5,56670406 -4,0708986
5,58417716 -4,1786454
-5,0247514 5,32126125
-5,1891988 5,40778667
5,2301035 -3,9692655
5,277998 -4,1541202
5,17399207 -3,9604674
5,19658876 -4,2983761
5,584338 -4,3084969
-5,0111567 5,47964588
5,37090222 -4,105647
5,41697705 -4,4377292
5,16096776 -4,1125005
-5,0854841 5,71646406
-5,0161708 5,49988774
-5,2661302 5,59385895
-5,1032173 5,58197581
5,30779924 -3,9519187
-5,2404291 5,62179905
-5,1011316 5,36389668
5,13836037 -4,1728201
5,38192615 -4,1709442
5,26459932 -3,9222931
-4,9381961 5,54429755
5,11029246 -4,2610115
5,53786142 -4,0873275
5,53600129 -4,3041843
3,18775807 -1,3435235
5,27662273 -4,4782484
5,37855092 -4,0705783
-5,1680689 5,71283632
5,18787767 -3,9660301
-5,2485531 5,52948083
5,02488576 -4,2842138
-4,9331025 5,45397724
5,23662887 -4,2026129
5,06987655 -4,2107719
5,30707735 -4,1294226
5,26072044 -4,0603178
5,3459529 -4,3657794
5,1566381 -4,4689559
5,32856323 -4,0000742
-5,0948029 5,29263735
-4,882908 5,69002081
-5,2665303 5,39984678
-4,9952195 5,66439811
5,22583703 -4,0146317
5,18409252 -4,2975243
-5,2857626 5,59812139
5,45316434 -4,1280592
-4,9668886 5,31738398
-4,985513 5,71334562
5,28843978 -4,3504721
5,22091456 -4,1574493
5,10335609 -4,390589
5,20354221 -3,944213
5,19494298 -4,0387814
5,5640511 -4,2889312
5,21810799 -4,1675746
5,33863251 -4,4977851
-5,2649498 5,4318541
5,12189591 -4,0649512
5,26377535 -3,9720206
-5,3408507 5,51723876
5,34792991 -4,3396062
5,19816694 -4,2298155
-5,2035672 5,3484691
5,38825766 -4,2419574
-4,8902295 5,63654551
5,07974654 -4,3258343
-5,192024 5,73834052
-4,9124737 5,44003804
5,07957735 -4,3206251
5,19558327 -4,3479752
-4,8983868 5,57825697
-5,139689 5,66147844
-5,079886 5,2888161
-4,8916573 5,54417959
5,19185422 -3,9880046
-4,8327223 5,58152705
-4,9944948 5,70028363
-4,7965008 5,56252297
5,01060019 -4,2760964
5,17478595 -4,2712505
5,57823542 -4,1972757
5,11151139 -4,2950494
5,23596857 -4,3481374
5,40180143 -4,3476677
5,41652625 -4,0074325
-5,0144274 5,52221861
5,16074565 -4,4780112
5,40732084 -3,9452201
-5,128665 5,41955159
5,38423517 -4,138263
-4,772355 5,61284583
5,53698193 -4,2659355
-5,1362108 5,74025703
-4,8259095 5,3327168
-4,7612418 5,56243589
-5,0039513 5,29261318
5,34142192 -4,2838573
5,38782333 -4,1080086
5,27081781 -4,0893677
-4,871288 5,51320352
5,24526692 -3,9475509
-5,1195728 5,40248827
-4,9348108 5,51752689
-4,8580012 5,6398359
-5,0888103 5,76981927
-5,2619379 5,55797038
5,45692203 -4,3101213
-4,8492954 5,29446833
-5,037754 5,37788252
5,20552123 -4,2035836
-5,0162935 5,39611614
5,37940208 -4,4898968
-4,9811623 5,25100871
5,4556159 -4,3860882
-5,2145495 5,49884385
-5,2833822 5,57289735
5,18568941 -4,4844704
5,20806158 -4,2217351
-5,0622162 5,64382013
-4,901765 5,74272597
5,31125859 -4,1354288
-5,0212267 5,41955225
-5,1987516 5,75519459
5,27267034 -4,1470653
5,42149423 -4,3111639
5,58140215 -4,3268091
5,32976029 -4,0992938
-5,0898239 5,37305029
5,49041652 -4,3679722
-5,0927179 5,32009574
5,27920658 -4,1220458
5,13382762 -4,4591212
-5,0626534 5,54442484
-5,0333322 5,65461225
5,05770033 -4,1932727
5,49510081 -4,2038101
-5,2954465 5,45445555
5,17823953 -4,3543643
5,39526978 -4,2772723
5,1926269 -4,1540899
5,2398902 -4,4521623
5,19453854 -4,2703402
5,06801858 -4,0596459
-5,2330495 5,71400716
-5,1195568 5,63318628
5,25112894 -4,4831529
-5,1384137 5,53043509
-5,1205619 5,25422424
5,16300839 -4,0074941
5,36110276 -4,4714216
-5,1477379 5,58320971
5,17712522 -4,0031563
-4,8644484 5,44575429
5,42260061 -4,2147015
5,23280957 -4,4647375
5,48824861 -4,0633737
-4,8633645 5,56025708
5,56584661 -4,132775
-4,871221 5,36792169
-4,8787745 5,27287473
-5,1945914 5,76077032
-5,0387414 5,30088107
5,11711054 -4,0164925
-5,2158067 5,75160338
-4,9967105 5,73135542
5,56221338 -4,3009505
5,119938 -4,0245988
-5,2377132 5,62631964
5,26026876 -4,2386729
5,51440873 -4,2011683
-4,980167 5,59869622
5,40256447 -4,3190496
5,33753201 -4,1303927
-5,2042164 5,61103317
5,3931903 -4,3770488
5,04187946 -4,2633748
5,46437019 -4,3403684
5,49338724 -4,4397279
5,34537442 -4,2873557
5,2870811 -3,9571894
5,03878155 -4,1273223
5,26312489 -3,9255455
-4,8489646 5,39278867
-5,0158057 5,60138116
-5,0960741 5,37315793
-5,2547095 5,55748254
-5,0272322 5,80464323
5,20424873 -4,3099746
-5,0305738 5,33538762
-5,18209 5,74461591
5,16578602 -4,2966222
-5,1711445 5,61760761
-5,1286705 5,40762272
5,56149612 -4,3581086
5,26562592 -4,1842555
5,5767642 -4,1469603
5,56568729 -4,1924089
-5,1931478 5,35885611
-4,931929 5,66575473
-5,2127662 5,70190373
-4,9326828 5,52943979
-5,1424254 5,53881569
-4,949296 5,65228743
5,1324061 -4,4111172
5,04613956 -4,1379808
5,13767796 -4,4324923
5,09533983 -4,026072
5,43770357 -4,3955744
-5,3394985 5,44705177
-5,0829776 5,42994731
-5,0193614 5,50143109
-5,2173768 5,28723874
-5,3185312 5,46670218
5,16708193 -4,447354
-4,8843623 5,30276994
-5,0949912 5,23715857
-4,913337 5,52013957
5,58165388 -4,1088099
5,3051816 -4,3872269
-4,8431067 5,52719654
-4,9777833 5,55400179
-5,0491953 5,59761085
-5,2154976 5,2666986
-5,2378413 5,27806252
5,48709191 -4,1419603
-4,7588347 5,50628757
-2,4364024 2,80830447
5,1980778 -4,4778358
5,14473024 -4,0789297
-5,2791551 5,54915096
5,37216777 -4,3333718
-5,0381114 5,49736051
5,19520044 -4,0048469
5,20223716 -4,174701
5,59410387 -4,2293293
5,31328041 -4,0622161
-5,1266868 5,71292045
-5,3014054 5,56103165
5,05812216 -4,22691
-4,903394 5,44741584
5,03067367 -4,2914759
5,38423423 -4,0636646
5,51478428 -4,344722
5,33549212 -4,3187537
5,60069198 -4,200462
5,15894618 -4,472514
-4,8154535 5,4004666
-5,1472034 5,49804991
-5,148385 5,34061174
5,32727533 -4,2414498
-4,7713645 5,49330428
-5,0084198 5,22984909
5,34103373 -4,2189362
5,46766965 -4,1653754
-4,8858898 5,71423297
5,39035686 -4,4358832
5,37100422 -4,1902466
5,01389272 -4,1804467
5,12100864 -4,2788146
5,21035429 -4,4679213
-4,8100219 5,56401759
5,37297947 -4,454816
5,35622899 -3,9406484
-4,8937665 5,49537861
5,39675988 -4,1752868
-4,9821744 5,55799063
5,46144361 -4,3110433
5,33957122 -3,9270818
5,30324453 -4,4343815
-5,2210673 5,49294087
-5,1516315 5,67471881
5,06474491 -4,3738239
5,24445726 -4,0050163
5,08816604 -4,1152724
-5,2381106 5,30511649
5,15668089 -4,0904535
-5,2907451 5,6165023
-5,0061799 5,49045613
-4,9984651 5,77420096
-4,8148821 5,60125205
5,41364205 -4,118773
-5,2382025 5,48422588
5,38739729 -4,0190775
5,19644893 -4,3326748
-5,1442366 5,29481085
-5,2644031 5,42511601
5,55096402 -4,2165125
-5,2153125 5,38045705
5,36463623 -4,1953247
-4,9440866 5,43657671
-5,160702 5,35242782
-5,1104378 5,28530252
-5,0312807 5,51650109
5,10900399 -3,9923946
-5,26064 5,46080911
5,12386686 -4,2191123
-5,222997 5,31448189
-5,1234593 5,50708006
-5,1161485 5,50639601
-5,3016833 5,40340776
5,4853443 -4,2668767
-5,0633157 5,60474205
5,13072953 -4,1863652
5,53747413 -4,2961522
-4,8362346 5,51628677
-5,2868656 5,43283481
-4,9904609 5,23270853
-4,9890551 5,6659649
5,39033779 -4,4858314
5,38246122 -4,383167
5,34424694 -4,2905939
5,37981545 -4,3586527
5,34599609 -3,9783744
5,27848979 -4,1699473
5,39564717 -4,1383504
-5,0972746 5,37834663
-4,8470702 5,70174287
-4,9669242 5,41634321
-5,0321975 5,69357772
-4,8642992 5,74102445
5,33219114 -3,9490273
5,09268106 -4,3841543
-4,8459843 5,5629761
-5,2473966 5,45244202
5,31277585 -4,1449005
5,15639398 -4,4433042
5,15373414 -4,1238354
5,09573283 -4,0325082
5,31584779 -4,0377019
-4,8365317 5,56957335
-4,9647472 5,47865921
-5,0282954 5,35856358
-4,8536218 5,63456922
5,36599008 -4,4040325
-5,2491577 5,57681923
-5,2091158 5,28376363
5,34920621 -4,0952502
5,17777912 -4,1485662
5,55723297 -4,3557336
5,09716323 -4,0575397
-5,1000361 5,77158578
5,45968323 -4,4646988
5,54993235 -4,3144897
5,28160491 -4,1807944
-5,0583247 5,47330656
-5,1705611 5,52725396
5,30605832 -4,4843207
5,25407993 -3,9803204
-5,328549 5,41372251
-4,9193331 5,56195628
-5,0356888 5,33170049
-4,954936 5,53237376
5,35052538 -3,9494321
5,08864079 -4,0150066
-4,7958316 5,48020436
5,14764622 -4,4295481
5,20314863 -4,0562353
5,41645828 -4,2274246
-5,0522341 5,7325585
-5,0968229 5,6620543
5,15672721 -4,3279884
5,23967742 -4,1130136
5,40357686 -4,4638394
-5,148487 5,3042912
5,34438025 -4,1641514
-5,2628815 5,46136208
5,10249322 -4,2593722
5,35000916 -4,3746465
-4,8766249 5,75104629
-4,849544 5,65351026
-4,8234686 5,51012732
-5,20979 5,32075005
5,04039661 -4,1036541
5,49603619 -4,3330393
5,43768259 -4,0847521
5,23623174 -4,2622685
-4,8412102 5,36711135
5,34354209 -4,1723203
-4,8941928 5,46629589
-4,8653014 5,35051884
5,48630883 -4,0430331
5,43312434 -4,4225559
5,39317023 -4,2169009
5,19697721 -3,9884422
5,24728601 -4,101166
5,05995498 -4,0538093
-4,9682907 5,69302169
-4,9271658 5,70300981
-4,846456 5,5548222
5,31308172 -4,5131964
5,25549265 -4,4267464
5,18150166 -4,1124085
-5,0093549 5,22773203
5,43519213 -4,4127233
5,3515859 -4,3969569
-5,3152313 5,56456053
-4,798362 5,40436643
-5,1706097 5,43471432
5,52940269 -4,1453362
-4,7845801 5,50861983
-4,8219665 5,4128965
-4,8270981 5,54384499
-5,1514116 5,71635356
-5,1523068 5,54412461
5,29443207 -4,0008013
5,3999999 -4,4191756
5,29840311 -3,9698219
-4,9369253 5,66125098
5,0835825 -4,1548005
5,30290883 -4,3007984
-5,1576045 5,47207775
5,24448979 -4,0465163
5,10803212 -4,2315663
5,29473159 -4,4970407
-4,9844857 5,55630545
-4,9237167 5,53103852
5,44171814 -4,2734463
-5,1473692 5,42817159
-5,2485696 5,34510988
-5,2401059 5,67708336
-5,1363246 5,65556946
-5,1277147 5,32593437
5,27673237 -3,927457
-4,9687135 5,60656193
-5,0594111 5,30813665
5,51298058 -4,3635301
5,21591679 -4,2311848
-5,2094456 5,32551193
-5,0891731 5,43598002
5,27154411 -4,0692609
5,45723551 -4,0010485
5,36386827 -4,3644027
5,27968958 -4,1360981
-4,9754433 5,77064171
5,26358392 -4,3487187
-4,8772415 5,44845935
-4,8514489 5,56946126
-5,0857713 5,38440698
5,2360048 -4,3692154
5,36647541 -4,4340656
-5,0135559 5,53656974
-4,8938898 5,35577881
-5,0074405 5,76443518
5,3717017 -3,941702
-5,187116 5,67128173
5,29469516 -4,0574829
5,55627027 -4,1452398
-4,9437306 5,66815172
5,0503786 -4,3518814
5,26945675 -3,9522285
5,60046393 -4,1699509
5,36356475 -4,2418258
-4,9366434 5,23141799
5,11124084 -4,008889
-5,093691 5,54844991
5,41158511 -4,0434104
-4,9687365 5,23483623
-5,2177458 5,64379332
-4,9078521 5,47958828
-4,9690658 5,72460108
5,29786242 -4,3213973
5,29117415 -4,4869583
-4,997289 5,2402923
-5,1015239 5,6063151
-4,7998643 5,43970843
5,15906941 -4,1253944
-5,1786539 5,55141596
-4,9847829 5,64631665
5,28444371 -4,4810113
5,19221169 -4,0352767
-4,7575006 5,44455803
5,44256357 -4,0084177
5,04614606 -4,2120775
-5,2729558 5,50991667
5,43141945 -4,0473278
-4,9895353 5,30526978
5,56695198 -4,2288787
5,03286576 -4,321445
5,01688366 -4,2553835
5,36602839 -4,1782027
-5,3285458 5,52334943
5,3177871 -3,9408156
5,07509829 -4,367513
5,48716699 -4,0530426
-4,9780987 5,65993919
-5,0402548 5,47518104
-5,1575182 5,54009322
5,26672372 -4,3751928
5,3737311 -4,4648964
5,11386542 -4,2437962
-4,8445312 5,68902711
5,33379932 -4,2115989
-5,0179068 5,55149573
-5,0690414 5,79584551
-5,2925699 5,52213642
5,43430647 -4,0390537
-5,0598684 5,40144943
-5,1274343 5,25572365
-4,8550578 5,55907042
-5,128519 5,65668699
5,12315063 -4,1096143
5,45166322 -4,1901155
5,54392407 -4,376026
5,36095756 -4,1280447
5,19441956 -3,9437518
-5,3081484 5,42145149
5,50795629 -4,0764013
-5,2030969 5,67585749
-5,0495843 5,38003682
-4,9068016 5,72000756
5,37457339 -4,3175984
-5,0519468 5,69230657
-5,1698834 5,36832645
5,37167136 -4,3478879
5,2115782 -4,0069316
5,26817695 -4,0788582
5,34632297 -4,0666558
5,55536166 -4,2354666
5,52407533 -4,1567885
-5,1368344 5,62693973
5,357323 -3,9876711
5,32535164 -4,3539946
-4,8586702 5,73530643
-5,0413541 5,49980498
-5,3315321 5,43386295
5,43601423 -4,2228827
5,35516931 -4,4715399
-4,9350055 5,30848671
5,2408169 -4,0983136
-5,9087892 -2,6765696
5,03163079 -4,2939786
5,39953735 -3,9346597
-4,9477553 5,41003233
5,4947645 -4,1814456
5,40481638 -4,4147188
5,45361786 -4,0985585
5,3688211 -4,0262417
-5,1210123 5,68136114
-5,1293926 5,38322335
-5,330698 5,56324403
5,36524093 -3,9639332
-4,8485074 5,66449524
-5,1175314 5,48583958
5,25570137 -4,4354984
-4,8315537 5,46277703
5,43187119 -4,2280554
5,40310662 -4,4395903
5,21515148 -4,1739314
-4,9908269 5,30710915
5,17221905 -4,0563015
5,20255266 -3,9513577
-5,2161081 5,74850169
5,16945655 -3,9647962
-4,9893231 5,41359455
5,37780475 -4,0319815
-4,8813391 5,67848251
5,29657207 -4,2469144
-5,0869852 5,35263219
-5,2869691 5,48616123
5,39879011 -4,4292597
-4,9241645 5,32933355
5,41460759 -4,1624988
5,54353292 -4,0862405
-4,9615571 5,31354792
5,25847597 -4,4216137
-4,8698541 5,59812392
5,45619799 -4,3275055
-5,2222335 5,29072115
-4,9358286 5,72619004
5,25052759 -4,1437485
-5,0287326 5,36903002
-4,8560261 5,64938021
-5,1856198 5,48067801
5,57593327 -4,2715657
5,14203822 -4,3397721
5,12527914 -4,0937279
5,5266929 -4,222563
5,38700425 -4,0360552
5,34357294 -4,2021457
5,30166943 -4,3298779
5,38457464 -4,4644308
-5,1301031 5,28748134
5,25462131 -4,1909953
-5,0125003 5,35738089
-4,8949157 5,50350751
5,35849731 -4,3792081
-5,2581118 5,34146559
5,46258455 -4,3233215
-4,7621148 5,50008602
5,49158782 -4,1699098
5,1233649 -4,3832655
-5,0056657 5,29655319
-4,8062787 5,54359172
5,09230843 -4,1395522
-5,28003 5,43636204
5,38135969 -4,3589813
-5,1693577 5,55142592
5,46363134 -4,2039798
5,3530606 -4,4750155
-4,9249296 5,6376101
-5,3401797 5,54899888
5,28377072 -4,3795399
-5,1316802 5,44592476
5,23148538 -3,9469134
5,21879183 -4,3550792
-4,9876384 5,51126962
5,27815807 -4,3503204
5,00710302 -4,2386897
-5,0305987 5,50317011
-5,2388529 5,50001843
-5,0684109 5,4583649
-5,0437931 5,46176497
-5,0874032 5,30115804
-5,2065674 5,40837808
5,44385624 -4,1425859
-4,8506121 5,43259334
5,41597893 -4,07931
5,44133219 -4,0351658
5,19771758 -4,1288017
-4,8098306 5,52126821
-5,0354776 5,77641605
5,31168706 -4,3220004
5,27358528 -3,9976121
-4,8870067 5,25902153
-4,9249276 5,52250602
-5,055108 5,25290356
-4,9364404 5,41450924
-4,847518 5,50491052
5,28864174 -4,4386857
-5,0148304 5,76898749
-5,0739808 5,57308668
5,45754493 -4,3096406
5,49274751 -4,0503727
5,3563312 -4,2437044
5,35065603 -4,3176485
5,39207053 -4,2915681
-4,7795119 5,63421218
5,41314554 -4,3787853
-5,0538702 5,45313097
5,03788509 -4,3441572
5,09692729 -4,412222
-5,1281294 5,23267372
-4,8303706 5,50711945
5,28241172 -4,4842966
-5,1657815 5,43775938
5,51915283 -4,2949654
5,41619364 -4,2024548
-5,1454422 5,25592976
-5,0570505 5,59573619
-4,9306263 5,54456664
5,44922898 -4,4553723
-5,2594607 5,4725781
-5,0519335 5,27988098
5,11807058 -4,2477663
5,14016701 -4,1906057
-5,127503 5,54101936
-4,9115858 5,38247287
5,16536827 -4,0289809
-5,1885278 5,56962259
5,54632346 -4,2959692
5,35044384 -4,4175413
-4,91101 5,42778405
5,59096632 -4,1975022
-5,1616672 5,35055235
5,28125864 -3,9930477
-4,8431147 5,38847215
-4,9241407 5,6315247
-4,7770433 5,41630899
-5,3168185 5,51076502
5,33666771 -4,2144383
5,46048277 -4,3262675
5,29835959 -3,9369191
5,29123409 -4,1242887
5,09194914 -4,2350501
5,36515222 -3,9616186
5,24644335 -4,2108625
5,37189882 -4,2091154
5,26159541 -4,4636784
5,13256397 -3,9905168
-4,7846722 5,45867101
5,47972028 -4,3511107
5,59729197 -4,2126399
-5,0662225 5,73527248
5,40865173 -4,1377414
5,08853498 -4,1865185
5,33275279 -4,2554064
5,30776234 -4,3218529
-5,0910132 5,32205181
5,18982341 -4,0725137
5,40002849 -4,0138324
5,19052503 -4,4121973
5,35986353 -3,9966171
5,20244291 -4,2733447
-5,0797434 5,37195598
-5,1632241 5,70461896
-5,1594967 5,62858632
-4,824102 5,39918442
-5,0282704 5,45990951
-5,0953539 5,3089461
5,35678132 -4,5001545
-5,2073089 5,55715016
5,55534052 -4,1444086
5,24459458 -4,0085245
-5,242753 5,51406982
-5,1669994 5,38256306
-4,8105568 5,44095672
-4,8774324 5,29139441
5,57292927 -4,2775623
-5,0751471 5,42349606
5,030759 -4,278185
5,52391201 -4,2578945
-2,4942728 6,82310944
5,21542337 -3,979202
-4,8549262 5,37556421
-5,0314373 5,60353731
-4,8593354 5,38216947
-4,8779759 5,54540527
-5,0902317 5,38127371
5,31668191 -4,3507086
-5,0807356 5,37688053
-5,0014002 5,2210546
-4,9364424 5,6386971
-4,954871 5,7836988
5,36325422 -4,3343209
-4,9152126 5,44342872
-5,1071268 5,69485826
5,21819816 -4,0614279
-5,0990787 5,32178317
5,18232975 -4,4231706
5,50588658 -4,0154308
5,50983032 -4,2538795
5,3190485 -4,2284117
-5,1601041 5,2340422
5,03185842 -4,1223588
-5,000733 5,54757307
5,25876741 -4,1193593
5,11724465 -4,3918012
-5,0458216 5,21845999
5,53192453 -4,2837899
5,39705116 -4,2941416
-4,9967677 5,25537524
-5,272516 5,49581964
5,20196607 -4,1189542
5,49676704 -4,1788154
5,52726307 -4,1365099
5,43380195 -4,1219899
5,36350006 -4,406906
5,02714661 -4,1364132
-5,1809243 5,53149166
5,34924789 -4,3718225
-5,2434394 5,62203686
-4,8174698 5,33618141
5,42680107 -3,9420085
-4,9901235 5,69911213
5,30887052 -4,5074046
-5,0754886 5,39930299
-5,0672596 5,37391564
-5,1235828 5,7082698
-5,2790919 5,36435974
5,47174063 -4,4374979
-4,9604823 5,4586701
5,11025865 -4,1597264
5,22776689 -4,2129346
5,02653387 -4,2934248
5,49733757 -4,4183319
5,27952303 -4,2801007
5,39750124 -4,3142553
-5,1664905 5,28278003
5,1690228 -4,3489351
5,17592206 -4,0669146
-5,1154842 5,38436035
5,51566936 -4,1917956
-5,3078906 5,5008625
5,42060109 -4,083633
-5,2487511 5,47000745
5,34636157 -4,1861743
5,23186038 -4,2846668
5,18553502 -4,4456686
-5,0936814 5,23822304
5,50491298 -4,233794
-5,0457344 5,68536025
-5,1499257 5,42169883
-5,1635715 5,47411334
5,14764162 -4,1828719
5,46820287 -3,9951855
-5,1693454 5,42712001
5,47622022 -4,1710007
-4,926007 5,52856977
5,27608833 -4,4027206
5,05967488 -4,1865358
-5,0810479 5,45618727
-4,8570794 5,68185856
-4,9024982 5,3476089
5,08013027 -4,1465766
5,12448813 -4,454756
5,08444648 -4,2457365
5,22653621 -4,4038551
5,4804132 -4,1117577
-5,1537623 5,73380408
5,3943281 -3,9572887
5,29408901 -3,9601787
-4,923596 5,30801633
5,07692221 -4,0486477
5,25360638 -3,9582374
-5,3077368 5,52309706
5,46399015 -3,9987281
5,13616145 -3,9819357
-5,1804607 5,45996792
5,01573415 -4,1334678
5,43873168 -4,0550928
5,42399844 -3,9424312
-4,9183231 5,46080541
5,55744495 -4,0606082
5,22622596 -4,1827174
5,21883654 -4,4761227
5,14885493 -4,127782
5,27495487 -4,2261468
-5,0171455 5,3438939
-5,059521 5,69629339
5,49692491 -4,3668802
5,28303398 -4,2554404
-5,1316426 5,52003108
-5,1538579 5,7157455
5,37441555 -4,075368
5,18905154 -4,2352882
-4,9273955 5,70053784
5,13057091 -4,1050409
5,32846079 -4,322465
5,26665543 -3,921285
5,4187668 -4,33925
5,35907951 -4,4570092
5,43504377 -4,2383838
-5,0674489 5,55147182
-4,9518127 5,65757704
-5,1465699 5,73266358
-5,0005116 5,71610549
5,40316018 -4,2843486
5,31815975 -4,051161
-4,9041507 5,59599543
-4,9119771 5,51402351
-5,0910754 5,62921709
-5,0164752 5,24826952
-5,1653773 5,39786294
-5,2538786 5,3636986
-5,0577284 5,42515227
-4,874692 5,28951439
5,42311513 -4,1270302
-5,1040785 5,39097745
5,40015999 -4,4908878
5,353115 -3,9891912
-5,0220455 5,65218971
5,20574351 -4,2045699
5,55237352 -4,0847572
-5,156886 5,49169641
-5,0516232 5,26543327
-4,9535758 5,7260991
5,56490346 -4,3596027
5,30401525 -4,2154274
5,39848418 -4,2299405
5,16413558 -4,1241469
5,4922305 -4,1680008
5,15063379 -4,0143573
5,31135584 -4,0109819
5,31953195 -4,4955922
5,32401412 -4,2501639
5,48527287 -4,1894079
-4,8656417 5,74105059
-4,7599614 5,47975505
-5,0339422 5,28615233
5,47802622 -4,3711758
-4,779688 5,42959311
-5,2761401 5,66983749
5,47313382 -4,353839
5,05369891 -4,3558205
5,20391276 -4,3295176
5,02401984 -4,1594256
5,44238489 -3,9864509
5,07769615 -4,035133
5,34382472 -3,997444
-4,8739101 5,70028663
5,1710796 -4,3663401
-5,3076859 5,49734851
5,28750992 -4,2470896
-5,1014572 5,69228469
5,51813124 -4,3448759
5,54321085 -4,3543087
-5,3271471 5,43475317
-5,3015702 5,58511716
5,42139549 -4,05261
-5,1679447 5,43180973
5,2620477 -3,9881371
-5,0282776 5,39615464
-4,8109929 5,60273557
5,23036294 -4,4376929
5,3888341 -4,0548459
5,04917326 -4,1482273
-4,9851912 5,78742518
-5,2480136 5,56214099
5,11280227 -4,1849486
5,10792682 -4,2074031
5,0974209 -4,1846266
5,10972663 -4,4004619
5,07415762 -4,1251903
5,16238545 -4,4334827
5,29547592 -3,9335341
-4,9564491 5,42551582
-5,2343981 5,37577477
5,35915222 -4,0980128
-5,1741845 5,33293871
-4,863824 5,60069567
-4,9059928 5,25641213
5,37322518 -4,3946861
-5,0546361 5,62166689
5,23419276 -4,1971934
5,46251812 -4,3359229
5,09475624 -4,293324
5,0700017 -4,066409
5,43943596 -4,1315571
5,22990519 -4,133057
5,37906515 -4,3708334
5,22088297 -4,3948341
-4,9986569 5,43811076
-5,1525778 5,36593723
5,06211987 -4,1880283
5,16091232 -4,2086077
5,36282682 -4,4978954
-5,0491753 5,50651742
-5,1036851 5,79997953
-5,2329498 5,72837046
5,35460392 -4,0000556
5,36203138 -4,3726838
5,48146684 -4,0470318
5,22619867 -4,1459677
-4,9456152 5,38220341
5,25274044 -4,2400863
5,18859386 -4,3009259
-5,2494603 5,52866507
5,52378341 -4,2654737
5,26537889 -4,4060244
-5,1051972 5,34795576
-4,7966194 5,37142551
-5,2288275 5,58228519
-5,2769812 5,62349833
5,4584661 -3,9811911
-5,0216143 5,21638435
-4,8345133 5,32449636
-4,9062698 5,6496061
5,58830298 -4,2102028
-5,1734329 5,24633459
5,03252359 -4,2848806
5,4480268 -4,112927
5,2301926 -4,2412089
-5,2221656 5,3377845
-5,1069807 5,75963824
5,15827677 -4,1219351
5,31179956 -3,96079
5,10075019 -4,1906802
-4,8315788 5,36805809
-5,0223352 5,26471809
5,13094185 -3,9929515
-5,1400164 5,6991966
5,18496253 -4,4122773
5,19176019 -4,3409244
5,28858063 -4,323155
-4,8385092 5,66752063
5,32494677 -3,9542741
-5,2007288 5,40180437
5,17101946 -4,1087152
5,28454213 -4,1565675
5,02639323 -4,2872511
5,48727819 -4,228642
5,42196959 -4,2999763
5,0117117 -4,2786802
5,13475032 -4,0471219
-4,7847657 5,50756518
5,06194459 -4,291818
-5,0426841 5,52159665
-5,2786494 5,68316068
-5,3206188 5,52402272
5,27607117 -4,3451851
5,25617635 -4,2440727
-4,7634992 5,4514321
5,12072101 -4,2636668
5,31846273 -4,088666
5,066902 -4,3135343
-4,9134045 5,31226926
-5,0039558 5,7210313
-5,0526476 5,37785066
-4,9688974 5,60890693
-5,0110362 5,36832375
5,37395775 -4,2056798
5,213366 -4,2146529
-5,2246053 5,52452943
-4,8873492 5,41280164
5,21943452 -4,2914784
5,27735879 -4,3375868
5,23157786 -3,9637801
5,14670434 -4,3398887
5,36618434 -3,9982995
5,22226144 -4,0166331
5,30196914 -4,3316006
-4,9430917 5,71313743
-5,1339642 5,52808003
-4,9975419 5,57523683
5,32737739 -4,3940793
-5,2904859 5,43903802
-5,1204091 5,43929817
5,53379769 -4,4013428
-5,0425118 5,24922435
-5,1861302 5,35344124
-5,0017686 5,32547128
-5,2460652 5,37080664
-4,9084016 5,43461752
-5,1144906 5,56997157
5,06475673 -4,1635079
5,2051215 -4,2510797
5,20928691 -4,4923422
5,50422321 -4,0215369
5,46697547 -4,0045523
-5,1216322 5,63996197
-4,9138028 5,57879533
-5,1023611 5,21215371
5,08703837 -4,0476704
5,31443738 -4,1737833
5,31974093 -4,0005616
5,38854945 -4,4965199
-5,0531128 5,62729279
5,37555035 -4,3947645
-5,2658636 5,3707833
-4,8647341 5,32222935
-4,0089264 -0,7032913
5,42186562 -4,1020177
5,44516355 -4,2968268
5,42543036 -4,047839
5,07546319 -4,2909453
-5,0363369 5,45015598
5,38978165 -3,9351144
5,54949075 -4,218853
5,05184175 -4,3526013
-4,8201907 5,3719797
-5,2729212 5,63465633
-5,2778908 5,35553836
-5,2952664 5,60939902
-5,0452801 5,37177631
5,28770346 -3,9221861
5,15587559 -3,9691572
-5,2142534 5,42896519
-5,0994637 5,2128977
-5,0248956 5,58736027
5,37648665 -4,0124635
5,02039008 -4,169906
-5,2035508 5,70876452
5,02116285 -4,3098769
-5,018678 5,44424167
-4,9059572 5,62289228
5,2578858 -4,2919818
-5,2990881 5,36918869
-5,3261568 5,42098886
-5,2703633 5,60263455
5,20905141 -4,1748814
5,4988284 -4,1421585
-5,0796913 5,69330254
5,42717428 -4,1151698
-4,8260221 5,63709407
5,48933703 -4,2883553
-4,8567433 5,59181909
5,33817779 -4,3821925
-5,1041426 5,648691
-4,8657045 5,69040809
-4,8201609 5,58778395
-4,8511408 5,72472256
5,27055479 -3,9405982
-5,2414066 5,54233804
-4,9710903 5,30926744
5,16093002 -4,1919457
-5,0195435 5,30827728
5,23632586 -4,0480808
5,26059146 -4,0988067
5,35562527 -4,4160253
-5,2008934 5,55351441
-5,1073019 5,79567122
-4,9818555 5,30173335
5,4451273 -4,3711937
5,1717897 -4,2155901
5,26650666 -4,1912575
5,26556128 -3,9743981
-4,8675277 5,73425958
5,3262054 -4,0025531
5,21198386 -4,3068145
5,19386586 -4,0138534
-5,1387944 5,34699979
-4,9194162 5,48240386
5,09314771 -4,0779561
5,51186681 -4,3700765
-4,814216 5,32731975
5,2561689 -4,0158776
-5,0151739 5,28350587
5,16124516 -4,3569056
5,22530991 -4,3774021
-5,0075786 5,65708492
5,35066786 -4,1646335
5,40174447 -4,4558724
-4,8618457 5,5760804
5,30633051 -4,5035246
-5,0193001 5,72895946
5,24581273 -4,1382851
5,45799461 -4,1029232
-5,1544898 5,43726981
5,35421726 -3,9498134
5,30078926 -3,9429028
-5,088671 5,53867501
-5,1203141 5,45366096
-5,0981131 5,70925239
-5,3320194 5,58850715
-4,8429123 5,69824129
5,23435212 -4,1013269
-5,2474022 5,32393501
-5,1718293 5,65139118
-5,1131756 5,25590721
5,22711314 -4,4383512
-5,1462006 5,53771978
5,21219711 -4,1120565
-5,2429967 5,41560609
-4,860959 5,33245171
5,30743833 -4,3814246
5,25923143 -3,959644
5,18559294 -3,9587662
-4,9909031 5,6884463
-4,9752242 5,23004369
-5,0946026 5,61069762
-4,863917 5,47628476
5,24749656 -4,2322589
5,06309023 -4,3309247
5,28957049 -4,4665862
5,28843728 -4,1865723
5,57162961 -4,3036913
5,31058585 -4,1624288
-5,3398552 5,49077468
-4,9615516 5,24219768
-5,0873566 5,40395074
5,31771903 -4,3971425
-5,0267857 5,59821583
5,53803942 -4,1461137
5,30327423 -3,9846598
5,49289573 -1,732275
5,45524151 -4,2345114
-4,8775378 5,63452281
-4,8623304 5,70020456
5,04802838 -4,3342558
5,17698723 -3,978946
-5,0821672 5,42340354
5,40656228 -4,1031901
5,02671819 -4,10529
-5,2900633 5,61447064
-5,1673134 5,49128517
5,19774564 -3,988349
5,27698105 -4,0740414
5,51325812 -4,3148983
-5,1331712 5,70459884
-5,0382846 5,37444027
-5,1036375 5,31370747
-5,0163978 5,69833986
5,1616936 -4,4019607
5,37011763 -4,1848934
-5,2271343 5,31169522
-5,2864814 5,64661579
5,3336005 -4,0680629
-5,0666774 5,384273
5,55671965 -4,2123573
-5,2653316 5,66940203
5,57316835 -4,3012153
5,23670217 -3,9591475
5,28148864 -4,282157
-4,8327863 5,47401535
-5,2789719 5,39280722
5,50280796 -4,0945501
5,35739378 -4,0294093
-4,7797687 5,63302485
5,10434235 -4,0971408
5,5762526 -4,2094364
-5,2569129 5,38036241
5,25359937 -3,9784954
5,4090862 -4,4865422
-4,7973757 5,54410249
-5,3169167 5,37160597
5,35798018 -4,3970267
5,29473337 -4,4742726
5,2612992 -4,4415182
5,09482368 -4,389144
-5,3257224 5,50795007
5,19714071 -3,9435084
5,44063728 -4,0927631
5,32308627 -3,9924427
-5,2160286 5,72878765
5,01057174 -4,2595029
-5,2387858 5,32734538
-5,1430547 5,64288186
-5,1242708 5,44516165
-5,1555429 5,24365125
5,36748381 -4,3923603
-4,9964639 5,34440975
-5,2854237 5,34909954
5,36454606 -4,4658687
5,37817818 -4,4189039
5,09702328 -4,3274208
5,23626025 -4,0385847
5,35683639 -4,4810218
5,24363299 -4,4739742
-4,8132191 5,66906885
5,16735764 -4,094968
-5,1042497 5,7039008
5,24862049 -3,9406304
5,48225607 -4,3438328
5,19811741 -4,2564606
-5,1903823 5,50643473
5,45608442 -4,0283848
5,20655399 -4,4709111
5,01171886 -4,1793138
5,03329968 -4,1919667
-4,8635214 5,32354641
5,09666687 -4,1153502
-5,1337972 5,38569207
5,18968706 -4,0894726
5,41516901 -4,2783272
5,04373375 -4,1480999
5,18210607 -4,0249746
-5,2223791 5,70874878
5,27763959 -4,1400218
-4,8092276 5,62251005
-5,178323 5,70994059
5,33100994 -4,4488775
5,03047003 -4,1682711
5,51901679 -4,1995767
5,05930623 -4,090993
-5,0748707 5,77236814
5,44765514 -4,3321691
5,10619427 -4,1422073
-4,9916294 5,59353704
5,27488167 -4,476382
-5,2440578 5,36198392
5,32214282 -3,9709645
-4,5625993 -0,1373429
5,37642034 -3,9634694
-5,2729277 5,40632591
-4,9572182 5,69674131
-4,9672979 5,65506807
-4,8897883 5,65221728
5,25879323 -3,9551449
5,30943242 -3,9581585
-5,2686052 5,62546314
5,10308249 -4,0760628
-5,2587464 5,51080525
-5,0501969 5,68545532
-5,032869 5,68741502
5,13715332 -4,0826141
5,24221206 -4,4215439
5,21945457 -4,2281546
5,30998481 -4,1305506
5,25429193 -3,9518879
-5,014895 5,76016616
-5,257362 5,71977435
5,45117219 -4,0969394
5,21268366 -4,118609
-4,9152723 5,58623732
5,51453713 -4,0671145
-5,1328181 5,64825528
-4,8376732 5,37987883
5,22908375 -4,4274531
-4,7574395 5,4730379
5,20720274 -4,4807756
-5,0643779 5,43086533
5,58791553 -4,2365055
5,34118728 -3,9346744
-5,0104829 5,46445418
-4,7817367 5,46289485
5,47274209 -4,0942456
5,24203134 -4,1955495
5,42903531 -4,3083201
5,20496274 -4,009414
-4,922535 5,5080708
5,48008971 -4,3155161
-5,2093866 5,30311248
5,11959357 -4,0450342
-5,0938742 5,49209982
5,58543806 -4,245397
5,35508186 -4,0240948
5,35034638 -4,2765117
5,19340215 -4,2911998
5,1456681 -4,2755585
-4,8980126 5,45793961
5,20062647 -4,1457174
-5,3358884 5,57505914
-5,2229506 5,63620323
5,49724901 -4,0130653
-5,2381037 5,46716189
5,33249376 -3,951482
-4,7757938 5,39196238
5,38790085 -4,1318294
5,10786501 -4,4012579
5,21653293 -4,4437662
5,08244625 -4,1121087
5,34962393 -4,2781826
5,45989854 -4,0521141
5,5732046 -4,2860168
-4,8572745 5,6331521
5,02962959 -4,2016625
5,50929091 -4,1923266
5,43798235 -4,1995007
-5,0153398 5,60059174
-5,2128394 5,43807491
5,33779898 -3,9926436
-5,008028 5,21299108
-4,9441817 5,7182398
5,28396441 -4,2609697
5,4654674 -4,3102905
-4,9745858 5,25339635
-5,1655679 5,40569703
-5,1133652 5,7241429
5,57371464 -4,2321543
-5,0276529 5,73561747
5,39217617 -4,2511259
5,2769237 -3,991614
5,12550851 -4,2886126
5,31106396 -4,1809944
5,29362056 -3,9276593
5,40794848 -4,486679
-5,0121627 5,39501648
5,43537031 -4,1751551
5,27163205 -4,1565914
-4,8489232 5,50021794
-5,0928395 5,66861314
-4,9690589 5,40059589
5,49404569 -4,2423244
5,11031735 -4,1429548
5,05750864 -4,2157549
5,36536617 -4,4060383
5,36846441 -3,9832667
5,35774239 -4,2362666
-5,3176085 5,4540544
5,40105076 -4,3605307
-5,1369002 5,35853246
5,33325325 -4,365789
5,49936854 -4,4107815
-4,9367847 5,23976853
5,21174498 -4,17914
5,42054175 -4,0718848
-4,7812053 5,45971555
5,35310291 -4,1418425
-5,0919481 5,55167391
-5,1556434 5,36565869
-5,1659731 5,55713031
5,1972319 -3,9690904
-4,9023778 5,30503762
-5,1393372 5,25140293
-5,0588644 5,64047957
5,09242752 -4,1142107
-5,1299311 5,35686743
5,10755771 -4,0352411
-5,0895148 5,22342293
5,34745063 -4,3912915
5,4365904 -4,4154919
5,15466766 -4,4741147
-5,1088149 5,74019343
5,27812686 -4,2324765
-5,1101332 5,48359573
5,43534335 -4,3311408
-5,1248434 5,54543755
-4,8794685 5,52907283
5,54880067 -4,082102
-5,1994618 5,42378814
5,51077041 -4,1825168
-5,1313293 5,61955177
5,28433737 -4,1302638
5,47298175 -4,0571441
5,08862006 -4,2366904
5,10187362 -4,1143771
5,14501554 -4,0481072
-5,3243198 5,56064187
5,39404218 -4,2604114
5,36493794 -4,20984
-5,1865321 5,49075275
5,2283729 -4,1013934
5,48784012 -4,2150868
-4,8817761 5,2994271
5,35603222 -4,4644173
-5,1208159 5,78510881
5,45031473 -4,3614242
-5,0463355 5,53273833
-5,0264188 5,29060689
5,52563685 -4,0200727
5,22579632 -3,9608363
5,38945079 -4,0078149
5,14589082 -4,0999687
-5,3116607 5,53952024
5,50997746 -4,3508288
-5,1786609 5,47854489
-5,3083791 5,43980521
5,52045603 -4,085115
5,11434198 -4,1191736
5,07980757 -4,2323766
5,33237777 -4,4282903
5,30412655 -4,108721
-5,126129 5,51960759
5,29254928 -3,9396507
-5,0014759 5,52511525
5,37943757 -4,4920419
5,17233324 -4,4838342
-5,2377788 5,68439601
-4,8776646 5,7162457
-4,7894939 5,38910442
5,38448172 -4,292604