1320
731 39
1255 51
611 50
510 17
431 19
423 56
1140 30
856 54
1307 37
620 58
543 59
659 48
1006 50
77 48
285 67
216 54
1138 15
482 45
365 69
119 60
130 27
730 60
695 27
948 39
949 47
190 63
1262 43
1080 62
1354 27
541 17
885 31
690 65
1289 36
434 36
1205 21
932 59
263 29
546 60
290 26
1401 27
1267 31
533 56
931 39
993 36
441 43
947 66
833 44
1285 21
528 17
186 59
639 48
29 64
1228 21
962 45
537 58
511 50
1021 18
177 44
463 56
261 63
500 68
477 52
461 66
21 37
383 65
661 69
378 61
712 62
651 63
616 23
705 15
131 21
1275 22
926 30
284 67
797 27
1135 41
1326 53
1349 67
61 69
929 58
1134 66
504 66
509 29
662 53
585 26
23 65
1163 60
1179 60
604 23
1328 43
735 17
1260 51
348 58
1164 19
545 20
641 16
30 55
235 37
452 66
927 38
645 19
1208 47
700 41
381 38
347 60
217 19
1057 24
609 39
362 39
1130 56
204 62
311 36
148 44
1110 34
642 26
1381 18
971 60
758 30
1155 47
558 42
467 16
1001 26
27 58
44 24
75 45
1202 58
412 51
638 23
1194 55
1178 26
1059 47
578 43
205 49
517 38
99 20
1239 54
168 41
1331 49
590 38
673 33
970 28
1378 35
1181 55
306 56
830 36
440 17
1376 17
799 22
334 32
87 57
1269 54
1340 41
293 58
448 58
1184 67
1005 45
726 41
105 56
964 33
1249 27
1409 16
202 35
707 29
982 37
786 57
1054 58
138 18
1406 25
117 32
757 42
506 55
713 55
914 27
754 54
398 33
142 22
635 42
1075 19
176 33
848 24
146 19
863 53
1300 41
575 34
301 48
1254 68
1316 69
584 59
988 38
805 15
112 65
315 40
741 51
197 31
170 56
939 61
764 20
132 31
928 19
390 32
451 66
1211 41
1216 67
985 35
637 42
12 32
1065 53
525 30
16 23
372 62
1367 21
480 44
1143 23
260 41
613 39
806 59
725 57
798 34
1115 18
111 22
162 28
1227 31
151 20
555 31
1000 24
729 57
742 59
92 33
987 61
513 41
597 67
231 55
369 49
268 33
979 57
406 44
615 53
1156 50
1294 17
123 54
1230 61
79 16
473 48
501 64
785 43
836 18
676 31
377 23
551 56
121 60
470 29
941 66
68 48
1014 62
706 47
709 61
1342 65
438 31
644 15
1347 60
992 21
385 58
391 58
745 20
972 63
1304 36
1043 21
59 44
313 49
282 48
1139 46
1318 22
265 31
459 32
974 18
192 66
683 60
860 46
717 15
106 39
389 64
357 67
1128 68
1041 48
183 31
1063 39
1278 64
983 44
672 37
38 41
323 32
3 37
1337 68
1119 32
70 50
189 37
483 20
379 16
870 59
242 26
723 43
499 27
752 65
867 24
868 46
274 34
1311 42
309 16
831 26
1046 61
1400 38
655 25
951 64
281 43
1212 50
913 21
682 36
171 48
942 66
1047 36
172 46
1279 23
1088 25
710 59
240 15
1098 18
1219 41
1182 49
1226 48
1235 43
1132 58
960 41
628 15
1214 35
1185 23
919 15
1283 39
1082 20
1048 53
1399 28
410 16
719 39
493 35
1389 16
769 21
271 46
553 46
727 36
840 41
508 19
212 69
958 35
1343 64
619 59
1271 36
1361 43
881 48
678 65
1203 59
1189 39
152 35
835 64
664 45
405 51
920 18
968 62
1150 36
1353 33
693 22
1258 16
794 50
201 22
1218 37
488 37
227 25
1334 65
681 65
569 36
402 44
955 69
266 30
74 31
247 63
418 48
809 28
1210 43
1299 32
1166 67
1042 29
118 21
879 64
251 56
614 21
857 40
243 15
1032 64
1270 24
515 56
759 63
288 38
561 22
114 39
316 22
527 64
588 39
991 24
595 39
877 51
1011 24
802 56
1106 17
1339 45
728 26
660 55
1314 29
66 39
657 51
811 23
1034 21
1410 15
1124 57
516 42
262 61
1209 63
352 68
246 47
270 29
442 57
326 26
1078 19
34 22
140 19
1195 69
1122 44
1251 54
956 69
1031 33
1180 61
995 22
838 46
623 33
286 25
166 30
978 42
552 51
617 28
1312 15
149 39
445 22
1 39
1003 61
688 59
824 33
32 54
47 27
1004 51
1007 32
858 40
1169 50
184 69
226 56
886 23
756 60
340 26
658 43
1071 38
10 38
245 68
849 54
93 58
531 59
898 64
318 20
249 54
1094 48
135 46
45 37
173 49
1200 17
486 40
88 26
335 66
739 20
1419 17
594 66
218 48
684 34
1306 62
1012 68
915 19
1292 50
161 41
1173 51
692 58
961 21
1013 42
1321 69
139 60
1055 51
862 44
1017 35
503 62
1394 23
1358 38
837 16
685 18
738 47
336 58
1220 33
1403 18
1009 31
83 22
550 67
1116 64
893 45
22 17
562 40
1280 64
1050 49
1215 34
945 35
1196 37
967 58
432 15
548 33
236 56
1411 18
393 58
69 48
1397 23
350 42
598 40
495 54
1045 59
487 69
50 47
1402 36
818 49
1213 61
1161 40
25 25
583 57
324 47
667 38
199 36
1327 29
556 67
297 24
238 68
608 69
668 28
908 25
704 32
1010 41
384 68
1310 33
1198 30
732 34
791 17
674 38
345 19
134 47
997 66
646 59
878 43
73 28
1268 33
1241 25
903 65
1379 51
174 21
1357 38
1073 67
102 54
853 63
1020 62
1244 40
1412 22
1348 20
507 32
344 62
720 19
532 55
1111 36
916 36
388 60
386 17
593 28
71 16
164 37
203 60
1391 44
518 20
900 44
1421 17
696 37
26 39
178 31
78 68
895 54
989 66
565 57
1103 24
869 65
994 40
446 39
427 34
221 61
154 30
699 22
965 45
1168 37
128 36
67 49
358 29
1126 16
417 65
654 64
790 19
1257 28
599 25
1058 36
2 15
460 19
325 67
373 63
650 33
675 42
1390 39
1083 26
354 66
1157 27
663 48
169 22
850 62
126 60
49 20
630 42
1398 38
1102 69
845 40
100 27
124 64
936 34
1112 43
479 37
163 18
819 53
828 49
58 69
969 15
0 43
283 48
621 44
1386 34
591 61
1096 46
821 27
554 37
772 42
1125 17
349 64
491 44
779 29
101 29
1060 63
1144 63
1413 25
564 37
428 22
625 67
581 44
930 64
1380 36
37 43
1084 46
255 15
796 56
94 18
1303 49
160 37
471 59
1095 68
792 42
85 33
841 65
108 47
469 51
502 23
912 18
884 50
1025 20
1091 39
512 43
264 61
1372 19
213 69
766 39
1090 24
253 59
1100 35
84 40
1234 62
436 46
289 54
760 41
804 29
1385 43
976 65
338 22
935 19
944 23
395 49
803 34
1345 49
137 42
1067 19
539 29
724 54
437 51
430 39
755 46
1346 69
1335 30
1039 29
1129 53
1049 55
113 31
219 34
1193 36
490 15
973 19
783 61
1221 27
820 36
1136 26
722 56
31 42
1236 57
165 22
839 57
1418 18
1261 62
557 19
894 15
854 34
871 69
789 37
371 51
447 64
933 44
671 34
143 31
814 37
691 18
332 63
938 52
1038 52
320 66
150 36
767 30
1392 38
127 53
776 63
679 18
337 26
751 20
603 32
782 56
476 51
7 62
408 62
563 59
439 61
364 37
1319 32
120 60
1197 46
1317 63
156 21
1388 26
1264 38
1370 54
544 64
91 63
80 44
33 66
832 63
827 49
248 28
1313 16
1153 58
239 68
396 38
230 40
1085 41
46 68
472 19
1172 43
574 52
1068 15
872 61
52 47
229 50
279 27
887 61
187 22
4 46
1036 45
1405 21
104 21
14 47
943 32
589 47
302 53
1368 30
351 40
1277 65
521 28
252 48
911 58
1282 48
773 29
81 52
208 40
1035 18
1093 55
937 65
750 36
775 15
844 49
1352 56
308 20
1107 22
1056 45
1323 26
1223 17
718 17
382 60
774 41
312 34
922 59
64 61
489 55
287 35
1201 32
51 39
103 20
147 58
1066 58
771 60
680 36
322 33
1301 42
1158 39
331 68
62 48
397 48
409 20
580 62
259 59
697 48
777 16
11 46
1199 36
82 64
996 16
1019 55
375 51
18 69
1325 51
1265 61
715 30
753 43
1044 26
880 42
291 40
1362 19
1183 20
341 62
429 38
634 28
19 29
411 60
424 33
300 19
401 58
1069 30
1217 20
167 58
1416 18
296 15
1351 61
670 21
826 55
48 65
810 45
977 56
1121 17
407 31
425 64
298 44
1086 43
1174 55
269 51
1224 17
1309 61
1383 23
1395 19
1016 42
464 23
387 27
687 65
1101 23
505 37
1320 54
343 60
624 45
986 32
689 31
1225 45
455 28
42 31
1146 50
934 65
198 48
466 37
267 17
474 51
636 29
188 34
618 55
1040 31
421 52
815 23
196 48
468 68
540 63
1324 63
1154 33
1374 59
1240 62
5 19
1024 53
822 35
1099 41
899 47
1355 16
305 44
1336 15
328 27
901 50
749 44
596 45
90 50
157 62
1422 16
1123 27
648 30
1076 46
1356 24
1170 44
366 67
1371 65
1293 55
465 17
191 54
224 54
909 15
380 18
250 26
13 18
304 43
861 53
223 41
1276 66
1104 67
1120 41
1375 60
950 49
43 31
8 26
1113 17
923 44
882 68
765 61
1315 64
359 47
737 44
462 67
984 46
925 39
195 20
852 54
1247 57
875 47
95 17
1171 58
632 49
109 58
368 25
855 37
181 36
953 16
876 58
865 68
1092 43
1008 34
456 21
817 66
206 41
1338 50
1187 41
940 39
214 18
228 54
1167 29
1232 69
457 36
478 24
906 24
600 58
905 62
1061 20
1030 16
966 69
768 40
145 65
1077 36
519 48
1037 67
494 39
566 66
1233 38
998 41
1322 59
413 67
1363 27
220 45
1396 41
367 16
629 36
1062 34
633 18
1287 33
485 56
652 47
1393 22
721 59
924 24
200 16
568 69
327 61
586 38
1089 69
807 26
538 41
910 39
1079 65
272 28
211 20
175 68
54 29
1118 53
376 65
631 39
801 69
1190 52
41 56
1028 33
225 22
257 62
1305 53
1070 56
1252 32
904 57
812 54
1148 41
20 59
484 50
763 27
873 25
209 69
570 62
129 28
394 49
435 69
180 54
1248 65
65 68
890 48
1023 55
330 63
669 31
360 68
400 27
244 15
237 56
975 35
210 41
303 33
314 23
1018 37
990 60
414 52
1360 26
36 62
56 31
6 16
1245 49
1242 51
1114 47
1341 48
403 28
374 64
1087 65
136 15
1266 20
35 45
897 49
888 19
535 19
363 27
498 57
770 37
1188 67
60 64
55 30
310 31
761 43
957 53
1064 30
1384 29
536 16
716 49
1029 43
453 30
277 55
63 61
15 30
626 18
1149 24
647 68
497 53
1359 19
1408 15
194 49
954 55
1256 69
1072 59
1159 41
666 47
98 65
981 47
842 18
89 65
1297 28
1204 21
433 59
733 59
559 58
1414 22
816 43
275 25
714 42
1350 42
1052 26
823 41
834 62
1051 37
999 52
1229 63
1420 18
422 56
778 43
182 49
1286 60
355 35
864 61
1369 45
24 37
1117 22
1365 18
317 46
746 47
1291 43
159 41
952 54
576 41
1142 18
959 40
610 23
607 46
1133 23
605 45
523 58
736 67
86 23
107 52
800 28
874 20
1165 45
256 39
534 19
76 38
426 67
158 20
902 63
1308 52
115 51
1238 55
1407 22
980 45
592 35
702 20
1263 54
1330 64
1298 16
1160 51
627 40
1288 31
921 27
1329 27
356 62
1027 64
254 29
892 37
1141 45
492 61
1250 42
1366 62
1033 22
1364 51
612 48
419 26
346 35
843 56
1404 34
97 61
572 68
333 41
762 47
420 20
1152 29
449 15
694 18
549 21
307 45
529 42
640 37
846 17
1177 33
96 64
321 36
1105 16
273 15
1382 41
234 42
560 51
602 60
53 18
1295 52
153 33
522 55
1074 22
711 26
1377 44
458 59
1151 65
9 33
795 44
1243 42
233 55
1253 43
1302 40
847 22
859 32
353 54
781 38
1333 33
1175 19
622 27
601 19
946 35
524 43
582 63
547 65
155 58
526 51
1131 42
329 35
734 22
17 27
784 57
701 21
1022 65
573 20
643 22
1192 62
907 56
542 56
276 57
1002 17
703 32
866 29
361 47
1147 23
514 36
1026 39
1231 46
1344 49
110 43
708 27
1273 28
392 48
1281 51
133 51
1145 36
686 64
