0.8883130420851756 -0.9675433106663816
-0.3131567967690336 -1.099321065672347
-1.0631249032432213 -0.9386050605094396
2.575964668837658 1.6111884105947212
3.1641860283425247 3.15034771319569
3.0066001769547555 2.1538010148827795
3.379803320594793 2.9108511167319997
2.312004704267192 2.613224322680899
-0.7119689397456676 -1.150137886439218
0.1039743317720382 -0.1925017886846869
-0.5883265772516231 -2.1997149046483395
1.0689981617335356 -2.2905505178334744
3.8409608055090114 2.092215424621386
-0.8472236724252546 0.060886575503999
5.255232416561937 3.27122531814131
4.5349764288797 1.8952384869726708
3.6268073096455704 1.7254371173318963
2.9926507996542426 1.9309161656888838
3.231226467213436 3.6422946501511375
5.037428048854178 2.9457291368196334
4.2607758361974755 1.4626509034405761
4.556088374300656 4.05525237411835
4.479407711941313 2.993277342177581
4.320894075586098 1.5700519093985326
4.351311577184269 4.373034927540271
-1.048191203235015 -1.9366283572209444
3.0339395984020534 2.96544945087337
4.216268755209476 4.259106987859782
3.865891378050493 2.067855575254903
-0.5209002741967889 -1.4509643751464685
-0.4487203041471529 0.3310573231543286
2.8441602500624854 2.1431076212889586
0.4996008813087851 -1.93435708190681
4.610532610794804 2.4298000430848146
3.30449837822081 2.7645967674083627
2.8751517277986034 3.9815850043299075
-1.5798055109762437 -0.4831093541565012
-0.6120223851202822 -0.2595551309273933
5.223960231111617 1.4619728484783323
0.1254755831798016 -0.5684214766565089
1.38898616969747 -0.503606673093289
3.695232414158373 1.854377593152236
4.675852767218714 4.284778402872744
2.3909781509345582 2.6066896314545756
0.9848462437845995 -1.8739006088107173
0.3833276264672359 -2.1658273389112166
4.601921383149573 1.5811126690760413
3.551798110512895 3.958021931483265
-0.4211985594095947 -2.236636962630847
-0.0016289680069516 -0.6473879484357955
0.089455912822441 -0.7386189987772898
3.8193026061773216 3.892682592888141
-0.0516039142013919 0.3765341369409975
3.2247774404834066 3.0374549360086673
2.5128470712497415 4.1279293884913475
5.035810824707593 4.35734547269579
-0.1053147070171805 -2.4059754958458797
-0.0621010164008848 -0.3763970254111378
-0.4346571419890368 -1.3275771078742236
3.390717205151872 3.0779425762033195
-0.7691774288898889 -1.3778560447731025
4.897138705788063 3.821096255634306
3.611988170398759 1.8725946280697399
-1.14300144810392 -1.7261687119587545
4.848708627642518 2.5932594923502608
-1.240044984917897 -0.5690058125816511
3.3934628410954977 4.052858750617029
0.8836721368634571 -1.9721515715480453
-0.4081575572557274 -0.6086040476700835
1.1528934988112651 -0.78218416838121
-0.9940925671823522 -0.958278123450326
4.043805553074855 1.9929797434098444
0.3796377552361986 -0.1974455425177254
0.3089328341533835 -2.4540967746809614
3.856009371782331 3.9321567731694316
1.3469862438205291 0.3858656449773648
4.900373675637782 3.647989435510372
3.212191856318425 4.3074267217686035
-1.2620406525127486 -1.315403236129354
3.8493107818878007 3.914802385889445
1.3276540841004931 -1.6182821468917428
1.173800715425512 -2.1733709047825935
0.4631575948914044 -0.4516515589230611
4.069939608578628 4.19984905759352
4.937929368299678 3.721704866845821
0.904274291125106 -1.716528787394053
0.1928852024365187 -2.2650076193151714
0.2132050289108042 0.2581791504960893
5.152190371186114 3.372342024830838
3.5740282877185394 3.4138753450524275
0.8977752739849808 -0.2496599141273312
3.16273650272203 4.33732418059738
1.0814650724289538 -2.485579558214434
4.516026772074651 3.209475528868644
3.0214176038639566 2.5001891628361945
4.458535413799312 2.5141319741531403
4.888441485096206 3.0687140780930755
4.4958490090265215 3.8260316087588055
3.7761536196387824 3.3536387392937983
-0.3789303615175644 -1.7508040787099897
