60.37371991917844 11.987834454876527
3.7557725959857393 -23.97438563714759
5.4053445345149225 -24.582273177118566
78.04551669317193 15.666736207970528
63.04694127183563 14.25593264473582
67.53678444228268 10.384454903060991
5.590323498298638 -32.2293870653029
54.975178397101736 6.691176440261906
57.56468699183132 8.585295192408745
63.54858266429157 9.15650265158608
1.7062998341480247 -27.93712564967212
-1.5824424387555072 -31.38295845249446
-4.382615629349111 -25.228185767606874
73.64520196463582 10.849972378373598
68.8681461120064 13.73359293209841
65.35152088831481 14.621229673780004
72.96411018582533 15.269553673122978
-8.829362229643367 -30.57024056269805
5.475844489000786 -21.79116268592285
10.09289247288724 -27.036963284387465
63.76199046299118 8.59236808084375
57.81299941503866 4.390345746398059
57.81964746571939 7.054857797639933
-10.364508027876527 -33.74762087896536
-13.93819615665365 -18.981852555336996
71.16141402504118 8.401940139095618
2.185501229305597 -25.133850242927384
65.41550542436988 13.89377263376118
2.434559203434564 -23.523460788353063
68.81727450652367 7.374138619526374
69.77749101182154 8.7741896106538
5.078239080182211 -21.97333671794506
4.428199554722202 -24.051743112354604
71.9414656090729 11.800792590432154
65.59282927425589 5.89587702450933
59.412916050265814 9.122582540139021
-1.1776212800097068 -28.845402261574556
56.038763299001126 6.677552271230426
1.0356109444738135 -33.06736131256243
57.54061093015848 11.666894127658704
60.18503953961033 15.443740532741746
9.011397885267522 -23.234837453903573
-4.9719078192092665 -24.051778396726885
53.361869823806494 8.85203972722269
2.5905503806378776 -27.85625154057277
59.895998603165026 8.257452696352752
53.69612017397441 5.565256003539089
65.63666896509393 11.602479316599402
61.85197402283551 3.628506215399831
-3.8604283594313 -30.2078550353089
-2.1328624357094896 -29.56866505733922
-0.2169981387959263 -28.635693612408765
53.39586640140237 4.547993049149964
4.065324936751128 -30.893665821000997
65.40423100841909 12.628784284273843
70.72415686730244 10.157764282349568
57.278262402544684 9.260737642675002
75.7366646660256 15.696692931360662
12.697701242275315 -24.017621941213307
56.555177141438406 12.416490220083602
67.210812337981 14.150286362003346
4.827231685477364 -28.309986132733258
66.6745403111648 5.39045210665617
-8.420437118003042 -31.451230725852643
-1.500395899250541 -29.877796041628688
3.481715209634684 -24.228918745702323
4.901629938033112 -30.62244992547985
14.67587756523379 -22.966776971537957
66.77686949838309 10.780139166236568
-0.3457375690632906 -22.667284854082784
-5.466918818875286 -29.277549789823563
64.05028558437668 13.902421642580615
3.862632950170547 -25.088748243545023
78.0086534183194 3.253222137884489
-2.7535233462114954 -33.39246350684047
73.72829387317786 13.352062446938364
60.06946053898739 14.084353797001834
67.59626722424886 8.253264443404264
2.589500529430209 -31.080794850661334
63.44605061609553 4.633736128419408
15.857424627565429 -21.72149599938436
66.83487585988021 15.774521167458174
63.148101309922055 9.540511772445692
56.27059002789803 9.291997325668639
68.10115336009284 8.014014732929947
60.26923751996222 8.281257227732036
54.21643505293981 7.1109527886400485
-13.905467303475008 -18.990680788378107
70.5759401154845 15.869700038686165
60.54826407096914 3.633810713075316
3.5019698258426337 -21.54755865518434
54.99337604285506 10.051413211850884
-12.718529294687906 -32.00375665601053
-7.040254614739122 -33.95401760021787
70.31014237258611 11.309864244448192
-0.9564663196749622 -24.95865661094674
60.02699893289245 6.246745216124364
-11.563175734258163 -30.775055229942012
13.372966341223371 -21.72304417344085
-5.991062121313239 -26.148130863140793
61.74222860279362 8.156604929135874
-8.605999576903693 -32.508918650210894
13.27240372384954 -21.672250885512323
-1.2587160680326934 -23.894375929917977
63.13115699616673 10.010085339403734
-8.302266636359498 -33.602568437064036
6.439174697755027 -25.628494582469653
61.97601874450469 3.6541617623776443
62.20955148728551 3.2798352577577847
8.126781484661196 -27.79410251378139
9.387318264064783 -21.725971244383356
56.88015318524222 7.718113471401473
4.8088308700992 -21.964713259271505
-4.557075060557825 -33.682131543495835
56.19824075804684 5.3692957186696555
68.5242976094055 11.912689619574035
72.26385150217996 14.751613235252067
50.02179931324287 3.5319998264455226
6.521304275450842 -30.32612341988994
54.25889484727258 5.58642794688119
2.730926715311859 -28.910305696165985
64.7741054947641 4.1759774084261885
-10.445016523333633 -29.70538997969878
58.06804690366795 6.1116976834091785
61.38254539257484 7.811873916888978
1.7991680179830098 -29.528915952701848
1.0465291065759017 -30.45197853264273
59.853547380356446 13.371424802487406
62.78775726796095 9.815049165793857
65.30879997546191 13.125618213486469
49.81246221761035 5.288782949126827
54.28749161954482 6.416486048633653
70.23306157401858 10.723066247227065
63.07886126443541 9.290470899093037
-7.345352815440023 -29.582715422499984
2.1129900407156774 -22.748047353298883
-10.330362902762415 -32.10422642978696
65.9734835208744 10.219846254661187
-9.928778360693565 -29.571457946088575
-2.3058236268065153 -33.58475273859657
-3.2257075875443446 -26.661461630170873
6.7539259036207815 -28.4547488735874
63.71219160755902 12.135352664842818
64.8598188382402 15.783465532726174
-0.7035280213077915 -27.144686079410228
62.04352502299778 11.55927464562034
4.897886543064417 -23.01140400888552
-5.823202315661356 -27.227548764019122
-3.4923712356983474 -33.79624416779132
-3.5792282852194752 -26.843286507383215
59.25737776448003 9.136816504238638
55.33938879353076 6.685575288287454
74.55478263737443 12.80501106344603
54.50189999273121 9.339465193720761
-5.440180897532462 -31.320645926664945
65.23683031266617 14.852900192543368
-2.0496369309753684 -33.87854689341165
-1.7934542311996438 -24.83997476141403
66.71231102302296 15.770316438981489
-3.0917178919246058 -31.55710995306793
-13.968254649344102 -18.757876536073518
7.225165224652968 -25.246380209658998
-8.781104116016214 -28.688330621987742
-2.4883801084948787 -25.346826925281654
65.9244998922149 15.283426921127774
63.14025260366795 7.871595169033106
70.63199976535627 13.380673345648965
66.14282357300259 6.53209236208428
7.990272159233673 -24.828139620428704
-3.246314075550035 -32.91791000588307
1.9742092970285903 -24.00501526332519
67.34887090680553 13.129533468072228
57.45236608668031 12.031273212013835
5.661204351571945 -26.835201993251065
5.277411950810008 -22.666699238170857
66.1677153995505 9.063166554880578
68.07714686782731 13.17583052897696
62.75315007912495 5.603262909417685
73.97524146756405 11.930955227296103
4.8716089141561625 -28.318147846955657
67.0743339423602 8.954379935030012
5.271783418231153 -31.028834425768625
59.374304118395685 12.123281052848139
3.476793327921127 -25.151656579341694
64.48431649223475 6.580606032919524
70.77530443442507 13.678120254600815
68.66876514691009 6.289647825812165
61.066124786813326 13.968849608137113
58.80587674536181 14.197646917289509
-1.9771489183223567 -26.603489644846274
2.137515347824709 -32.078901671498414
0.8765475305994922 -31.11929889217035
-2.73538817906614 -22.932351340057476
68.91480311462122 8.781451754999729
7.155970153241194 -26.623025381181876
71.16090819724641 14.623367537355886
-8.320842314200846 -32.1131558741769
1.7654208318113904 -28.59068354044024
4.831793548334013 -22.944571435261032
-0.6204682159068339 -22.34439852715833
76.40106147163462 13.828524610833997
60.54191378807814 7.301780243218155
2.621979842561055 -22.908228367379806
62.677401147321014 13.152716339853278
75.06311789306869 12.946315949276334
8.435029031297969 -25.866976015647953
12.604269628959008 -24.530015466038076
5.075100728987149 -22.081278203331117
72.93510644692262 15.715019896193263
71.79276170268224 15.670825532599089
-1.8185262081331095 -23.544237488037783
73.12550714002286 10.313374700120518
-0.5890457342692602 -29.50876701876675
6.1627623201631305 -22.523552916249066
-0.784989647411392 -31.29570488781897
-9.841106696305351 -31.53955113528892
52.804910786667115 4.9993187012140865
-9.920428604168615 -32.14763922299905
49.959779287456165 5.424232314884309
55.6997696704219 7.155424780582362
56.088513337384725 8.51398410426136
-0.6403053617036595 -32.09919973571709
2.549784080532872 -24.968587132275708
52.77144271164564 8.009581580780154
64.02284560490209 12.152503075606397
62.638244312331835 6.862642851715525
74.92431072749324 14.09173550836727
63.77399172565142 6.560406984973014
-13.646068460732394 -32.693900042353135
60.3362084109256 5.350445273094014
61.52172329268887 10.368990109671017
0.0941228742380569 0.0191918426398336
-3.576725606664276 -27.17580484118166
55.418129144238456 5.1660690012112065
-8.56385846281796 -29.804666298713535
7.468863207450973 -22.480129838103732
1.8610056333315081 -33.12396912778924
-1.0598510653610183 -25.645935395537503
-4.293358786469863 -33.21223009100003
-10.412310484270602 -31.24942010063894
0.6364461697052421 -21.191892781564146
59.964982064621864 4.561861464369675
-10.150808100841024 -30.310396398312687
66.76478589954998 6.022479664338354
-1.8687567625734676 -22.777098808686056
75.56143270121892 13.920146104644889
68.66440965281711 12.999092093811198
78.918806294273 15.955618667474313
-6.086266081217011 -28.41845868969503
5.568916538570521 -31.67636741691822
-0.3831285070534078 -31.81529976717922
7.535519029219412 -28.188701517511486
10.659227960135413 -23.92635346036174
60.14156173567852 6.834962503846399
66.36064019103866 5.82323021642488
72.1479901799181 14.996775990541915
59.0550132216949 14.031233428211513
52.05021377311732 5.4188404066464955
66.67330017720951 12.057148603348368
-5.524708128822999 -28.691678005888548
70.4838799797611 13.254170252939874
-0.8931581402810439 -32.89920073601496
64.13198275077713 5.035089469628573
64.76720522150065 13.237653860151811
76.38483381559774 15.41813287613824
11.682825062432961 -26.312791738171466
59.04627780780922 7.1134252738488515
63.85072170395605 7.882387925690101
68.79004237970376 15.126606159353702
65.33036200510548 14.7752397400843
63.95713656189463 12.92684952396246
-1.9062040165022378 -26.62994398295721
57.19161768789196 3.1980028325128735
7.83705746641968 -29.164674834589245
-4.348546286897705 -26.543135196521348
71.95107351068046 13.151446285275618
78.18895218549112 3.016972882505868
75.36983128532138 13.900119501830218
-0.1553751851168507 -24.875282985314488
10.899893463202888 -26.690355686472692
68.52951726562462 14.1524245012133
56.74042316931235 11.488681771884986
11.30180911745163 -22.634494597247336
70.48971636436399 15.420093843776877
61.880494338534746 4.778004787643633
63.871026587672674 7.253919410528077
-12.89121302612322 -32.287278996897086
-6.095445930817547 -29.592824712491748
6.4942814249129714 -23.34074675910472
78.59403433186041 15.594497092339296
-5.7777410104705185 -29.872355883201358
-0.352968638663624 -26.028771673796314
61.28949773012125 10.200382638447406
-2.155495578390539 -33.589690212625406
56.319587354957974 6.403578912526098
62.81448673696957 9.936400401326908
-9.814715240727 -31.711961924572567
56.86535786425769 10.082978637494591
6.8693647580889055 -29.472314020699883
69.62816521069465 12.599659097877602
-0.0213692086997331 -0.0617017343968358
68.0488453060204 5.6581985547525795
-5.742839075553037 -31.196484913781
72.15392380254727 11.385016109239524
3.318851538344754 -25.883621533918415
1.6958843732601372 -24.998050991715107
9.833831026653062 -23.474616550128815
-4.776665137654109 -28.40377378887913
9.368369622199333 -25.466789935529935
5.440467155409105 -26.488217448264127
-12.820167622461566 -32.416377125807806
-7.408627286294504 -33.59977991970373
13.599775703672673 -22.122854083251212
63.87458028454813 10.360518193357832
7.5181558069096655 -24.767319701461812
55.05074943134718 5.8825166487079334
-2.690611623764102 -29.25182788521539
60.09050660462681 6.700518732349349
76.82101888525816 14.694582435695937
57.206110030709404 9.261201448087073
0.0086319591511669 -0.0427371620277014
4.74857787991592 -26.064796528710538
67.07113348939893 6.300477868716416
59.90496919603263 7.231820707458272
61.33143035301092 15.4444115174617
7.073839417600368 -25.48566648855504
61.51909314698799 8.33304652730822
71.1727269658951 10.658941498627447
-2.3219933681601708 -29.896118068518902
-6.5629882552073004 -25.867325663008916
10.392896942235868 -26.298504310904494
58.44193416178541 13.222897031239137
-3.923041033597729 -29.86612544881531
73.85226351909161 12.799653040088169
6.288367130122032 -23.432814430080516
5.035209812044355 -31.48252733629883
68.64835142211791 15.14932867431343
78.1608115301646 3.0324164333410843
-8.271198330331453 -29.61324000766809
70.05367560501085 15.65515157695992
-9.67866906903715 -29.450992416972714
72.33268990162986 11.151617603717163
68.66128967072135 12.56312328687273
-7.281400116744421 -30.395850293286006
5.970213197740012 -22.340322171535856
0.9209669102315874 -27.92683741539734
57.501322807286755 10.43531848628914
70.553118878314 9.684865436147211
61.39772409626411 5.595078700751146
14.453406312736133 -21.690719016337503
9.163666156570152 -21.19521258113544
73.840691160336 12.65697437889926
64.7636851348979 7.931857222710604
-8.59490725508223 -30.192579945093684
69.15380557570366 13.697216003799806
3.2812104971445 -23.080686223279255
8.43198119977726 -26.883389395156772
51.58437961661339 5.750817033922795
73.23008807655367 13.357107195173754
-8.368575313938521 -33.45048767358358
-6.099108197571539 -28.91666451212616
-4.660541757594689 -24.358203268591286
65.35911951774399 8.7906481226557
-4.756271759366786 -30.01724107782439
-13.916512037959546 -18.994420936899555
59.94454394881483 12.466060632813008
11.39228785889007 -22.960401016973147
2.0022251387994316 -29.24466267306129
-1.4994821481804417 -28.56433864100987
-1.809382930682284 -21.88107233057574
67.12700381098473 13.632818953440553
54.311470108156584 4.826669997302216
-3.6177502835523505 -29.95286208561978
-4.459224871938867 -23.5143422861621
5.408597402118856 -27.04272980406375
69.95018856661129 13.805355648769064
3.0868884451089484 -31.855594053186856
54.209570543515945 10.204764251519606
0.9786831694253139 -28.19696767102692
69.67763613445 11.853491517549012
65.33528683770491 10.840256479064964
66.64644992530803 4.316375062306136
74.78924581509375 11.840652401182586
6.529981158667356 -30.746075138896774
-8.371180995816573 -32.92134777822009
12.842204807355287 -23.135196044149616
-10.303671160028816 -33.12472977886941
4.002744030134214 -32.18262624053952
4.880820886000952 -22.262803164129558
75.54093522978503 14.598768976070525
-6.053994537210397 -26.259810051286372
72.14074427916286 11.328333747834995
5.53046235536313 -27.26550371340927
56.879158423412015 9.912842815218637
54.52171326271168 4.180627857371428
56.23084186642197 3.619114344107055
9.559497149969982 -27.753605854923716
61.887097534501976 7.789337863794763
51.94169118258253 5.458820579017484
66.51422723589451 4.941534667104118
7.55287268164092 -28.57289670631547
6.6106546667116035 -28.556699773597966
5.3824416199276275 -24.277823145607826
78.08024362581425 3.2819470277593514
-10.30953050729691 -32.79061319191928
59.83672992825102 10.374825392928559
0.5285185920252673 -23.850217889788354
70.94055274250397 13.842919816317744
62.70180813460737 14.755785465257533
62.144782715092916 7.095570570971049
-0.2913787613978976 -23.928515006160442
61.99558244988686 5.996134331452854
-8.278312146804323 -27.787431257595017
51.781776360031365 4.124485383733668
-10.307875024892839 -30.606690959148537
-3.9611706020299153 -30.61426054363596
67.99053206163829 11.74333514311864
10.813533108621128 -26.083505838026394
6.099638481375859 -22.74821204560222
0.3219961238348154 -23.33758110100723
-2.4227499233065912 -29.344385461041693
-11.647831550131347 -32.48481377176679
66.31936999495281 8.67006453928376
67.43417227152166 13.802241589958058
59.88549882893984 7.455597637198677
9.70651358019393 -22.586222896792748
66.14420679811045 11.919209217369394
60.76986055079234 15.779642881929794
-4.237368166364482 -26.31927468046926
67.72528689833503 8.200740790581175
0.076730398993085 -33.81122524592031
66.28806487154162 8.461527954353766
-4.724034338249776 -27.413537805231673
1.2824892803687877 -21.65089958091207
78.18084291038873 15.686797856395973
60.4120324622337 15.566571000797083
2.6882426687742176 -28.828290886981918
64.98726142392026 10.07615992104163
58.210532452167925 12.13026383397439
-7.221373423166911 -30.401579268865444
6.960417657585219 -28.871061874472108
9.785818787371069 -23.68168402550859
-1.9723605731334093 -26.987900978191927
-2.4707688921050615 -24.715581796866648
1.4711568448038457 -26.76715193050833
62.398941771343004 9.631957268595297
52.819571083822545 6.9264618834567955
-10.501019712747206 -32.84329965053433
64.17545879659102 15.09600882810275
48.57696616706519 4.03930652554971
-8.280725706973005 -33.5217875973803
0.3854812467954422 -31.407527177581805
54.711075775485035 8.992917043229072
60.95283916950931 6.774352435309944
65.78405530083494 5.615512088387297
-1.7307560609197372 -33.7176793228914
2.3206793939262256 -29.619162353302087
55.64745082387046 7.042118242268436
56.40097664117606 4.162029354236097
64.81501671460092 9.513243003595743
68.05687441885206 14.446335289865253
59.780957351209 12.60173623084234
2.2470658307521596 -22.87924758972323
2.4539072265703985 -33.58004279682292
66.04640750864922 9.103155352348429
68.8158959113124 9.357208504837331
58.968638764233916 6.277552982679844
70.00541774874422 10.804149733351947
51.89881551132758 4.097257037076514
60.01598179694852 6.00618255400344
50.269171868978056 5.135473177258435
-6.447926812380111 -27.337105280521648
-0.5669654264431903 -22.07246903575264
-4.292419974135783 -33.5226897230114
6.432827473096385 -30.775170541233457
6.931745138863008 -29.433899613222174
-2.859195846831134 -22.024130075384935
67.92282025309854 8.079198722329417
9.65670979667172 -26.146987282693473
-4.954722769195017 -31.015479972320694
4.454409203993416 -31.463525905479013
60.29712071291127 4.879397694763576
-6.7302232233954005 -32.70903424610414
8.858049408609046 -21.399248160329464
4.08783034363934 -21.018416017518184
69.65318413750305 9.859562972550648
69.82578199812691 11.807881557227034
76.66641615490416 14.62703335927873
-0.5097832052208734 -26.807830920904866
56.9266200658377 7.150243327342784
-10.271602362284982 -33.971300899787224
1.9413159860763232 -21.409821409176338
58.3118939969299 3.1601610762358145
10.092513823729846 -23.906567689735773
-8.342173383618613 -29.34560525408418
-1.9417726761545016 -27.32213430735887
63.356670893551026 3.7602800447911684
12.351947176732834 -24.19816556226249
-6.579180269480403 -28.15885138047881
64.02705266884836 13.225649492823926
