-2.7712847738873414 -3.2279922568345194
-3.619781087378197 -2.3109051069823336
-2.791777468711165 2.8428112368663188
-1.1802461113538114 1.6001352704652603
-1.3217210102741046 0.7788179867468688
-3.1222401239229285 -2.128545805434612
5.625562795660984 0.4688443188109481
5.145486241430382 -1.156557817891363
-3.830795033159681 -2.058297958318311
5.013232051514632 -1.1500503838105642
-2.6748339024262595 1.358954353255677
-3.539261347041493 1.3468267696648744
5.190388058919649 -1.105806472603879
-1.3620996396691043 0.5622855252609781
-2.5915161468632433 2.0453648189212257
-3.1592365959668998 2.339574230072835
5.774534492448049 0.4432470592737269
-2.821045691486364 0.3601621719629438
4.726725214122231 -0.1058705400964336
-1.8251628329341976 2.5244386283950875
-2.343930343481442 2.224330625334738
4.721108645711419 0.2751387756983263
4.990176271603847 0.3100969592499443
-2.7290242414253028 1.1052999525916987
-4.019964178481241 1.5487679724260572
5.543148273714512 -0.5388413825421462
-3.9165198629033573 -2.0581363341328864
-3.1955468234641504 0.9490858006595235
-2.2461417496455014 2.2726079831590544
-2.695756908878031 -1.9432440366599855
-2.5478569252088668 -2.8821288302632673
-1.7372446251656017 0.8839980579759155
-3.0140155597642106 1.7801255541105054
-3.0236548161006866 -1.7691347163531588
-3.944439518101269 -1.957606311310861
-2.4649089337250034 1.7644182149431784
-3.2446935019305436 -2.4028063948736498
-3.0215386624741236 -1.626623943929968
-2.608747350081416 -1.7758566331907657
4.937778492445156 -1.0648506817571075
5.442143134306245 -0.8116968495566793
-3.914666713638103 -2.563651345004753
-4.191765442669734 -2.608915652281077
5.03801425084909 0.2285139651015758
-2.7206190190258823 0.8733929002431283
4.8955891331780945 0.5851584446095669
5.587107711139633 0.3402602512716315
-3.5891698398996037 2.2776886169662554
-3.4003250108662835 0.2194106782121459
-3.6959312565091516 -2.096176356874373
-2.719850474859155 -1.8257846608977235
-2.753793881048541 -2.101754704001889
6.271256612938203 -0.4379851379326354
5.2302945319524 -0.6839899699003674
-2.5541051120639127 0.7432274601010341
-2.9146029657916914 -2.2551439048003807
-3.2146073067116543 0.1364080826028135
-2.753664555965222 1.272726856267752
6.08291198891863 -0.757354862803145
5.99331621659072 0.3102578422301861
6.118520064829495 -0.0705539521199904
-2.4895930727224163 0.1556024426103419
-2.7031177540905493 -3.1373810171966037
-3.7717804229384995 -3.0315716253073095
5.129931821347303 0.6069315761163045
5.408254365237258 -0.9113567454909306
5.346579897526359 -1.0695243670867036
-3.330776060125583 -3.24125870308355
5.203057588671425 -0.4502730089968085
-2.305044080428118 2.578589260530953
-2.3714924704444402 -1.9435581994702102
6.199754712228222 0.0750906605097779
-2.7006142304883234 -1.9940550907560102
5.410732548084736 -0.5558734925612406
4.808583953779558 -0.1986285695626444
-1.9868879170658988 0.3221284792626519
6.197949290928809 -0.2893697322899749
-2.7814047497411623 -2.2946796093604296
5.317509484226812 0.1556673607252128
-2.960588459921446 -2.782204938644683
-1.64889950735784 1.5775628617797608
5.686204135633873 0.6882429579826073
-1.5199681087610675 2.176556104366842
-4.049418155031188 -2.576297237248342
-3.748334722792383 -1.9711026041989097
-2.7111402637034416 -1.6902434161748412
-2.3984378610784347 -3.0242155745524912
-3.576728641477864 -2.3027014930938585
5.109658704543815 0.0737466238802561
-1.703864886624474 0.6770762473366102
-3.3123284197970277 -2.0214396610243672
5.835100187458809 -1.0308201210140657
-2.59604257499767 -2.592505532127073
6.20364938059959 0.1471260501753834
-2.9719292405353293 1.6854244831559504
-1.5909733396133117 1.6730493424092898
4.591152684372038 -0.5321718026595927
-3.327649692603567 -2.1021251769017515
-2.817479456812764 -2.885889582522976
-3.3975798040487963 -2.7155427566407777
