2.6492187960825233 0.072145190859386
3.8302852228961886 1.8337976735788015
2.982452791787488 1.5467495000728775
-0.548053754468166 0.5136161469274936
-1.212099175232267 0.6289098987331767
4.689606473872236 -1.8524966471869724
-1.7808381924545218 -0.1602661259858942
2.4191100779603127 2.6750794283663013
3.7757406936129607 -2.1762086271127052
1.4081095604255922 -2.4491848829368617
2.09117361422884 2.6600585476307996
2.777586740698462 -1.7299162810062967
3.750374450781344 1.7104035503711994
-3.763300840222866 0.5133921343339971
2.8740547930039355 0.7308400129343309
2.829505057922363 2.4258941516608243
-1.0213175403062187 -0.6113195276226855
3.5469835129107765 -2.901736690669564
3.0239043137191937 3.1471994846554536
4.902517003549353 -2.518778949405399
-1.9652698547261895 -0.8789664982682445
-3.697769384041281 -0.2837533457944005
-2.564030702216062 -0.9191831704526028
3.6367203836713764 -3.237760020064995
-2.592930833275204 -0.656064634052049
-2.401358607614588 -1.0206479879326027
3.7802118994141938 1.8865935055856915
4.1242595635339745 -1.757990878089226
1.8025493145756364 -3.4976399593501775
2.353301132001596 -0.1887343655173258
3.2749423806204736 -3.4709635197091067
3.2553171638578666 -0.2386601544276452
-0.0788364683203792 -0.337934669908753
3.138056103697443 0.6471599742814904
-1.2968852405467421 0.8628712878037648
-2.716580468994233 0.8324291533447372
-2.2710355778318148 -0.8982445640172665
5.050990149808726 -3.444039309976751
-0.7730328345549247 0.5744803095875584
2.2117567926987767 -1.8445978342755394
4.009324808967837 -3.060945700474458
3.0296522070936165 2.3917791404232833
2.710249936771832 3.39546256795621
-1.052300576482419 -0.8160351521599793
1.9916710632004235 -3.58485666136455
1.1354550488434654 -2.0961650642198966
3.4450196726660867 -2.898938416141405
3.691583665806439 -1.9064489542627245
1.6880291520152253 -2.840688181738786
3.464112644030539 -0.0531438874483214
2.2269570128091143 2.2002471487887223
-2.3398127892266607 0.3632896407867441
-2.431494324716539 0.4730948477745632
2.284777004725193 1.5057841879048746
-3.655012640686544 -0.502416117407785
-3.4269769674891633 0.2000154123167483
3.349408441940026 -2.6810195623702917
-1.6455191650061405 -0.0480192680082769
1.6996027796234456 -2.085975585754262
3.465641981464553 -0.2760340209888326
3.320353903890902 1.1492985807792289
-0.8194867611303704 0.0249184966969881
-2.639000257052001 -0.7855207053651203
3.8445131479951082 0.4257210340579378
3.2707178306259213 2.66918571233961
-0.323252339372309 0.3911093732621184
2.113885461525672 1.562780696791112
-2.145029144221754 0.695892359683691
1.9246420324110471 3.4085085739184726
4.48809457637821 -2.799804834512508
2.5697252819377727 3.16392754046424
3.3220248939646364 3.085137681360956
1.9813289433564467 -0.4012496419644317
-2.3281961997540352 -0.9460548754806316
-2.7186800183777127 -0.1404404575199321
2.094324560216194 2.9181727487925926
1.9980462938412267 1.2575418566810082
2.951596065153545 -2.9780692207110695
4.90596473142918 -3.256634695611358
2.004196000348051 -3.161290298136575
-1.144882043764515 -0.3605560583703857
3.5783400234058784 -2.142094150233029
2.6117544227397844 0.8341931272286081
-0.5317014274476913 -0.5309890558787147
-1.4478427929505369 0.8531959255710008
-2.2186019200149825 0.3297757270299189
-0.2760484751120326 -0.543064229316406
4.976896385949172 -1.751042029919922
-2.3255405126974558 -0.7381970152049641
-2.928510827623972 0.0082859869053936
1.2844998828625223 -3.459173833490446
-2.2952175824701295 0.4897429320791612
3.361604011188943 0.6743996148054543
-0.167085392076393 0.1797674870874676
3.3169015230685313 -2.180642349910891
3.7341173439287285 1.7729330607136236
2.2825314835728343 2.4441921891081293
-2.570089023772316 -0.1909687341742945
2.905585581949698 2.1793389109104493
1.2627700522962413 -3.1421405014224675
3.4650713851712553 1.4139404086927643
-1.4924837262313375 -0.7548048500881521
3.5167289272270597 2.0952152190870073
-2.3176846594776386 -0.2739102340623212
-1.6206875020090177 -0.0428769167998122
2.6421725596670664 1.143793989429103
-2.2738302076206702 0.0683281258802138
3.566701701995248 2.6237525741565433
-3.1601511926037578 -0.6474127233564867
-3.684668034526293 0.3301909146586842
-1.569389169390648 -0.8265093183234978
-3.0429035205686623 -0.4428803371931833
-2.9119517177674323 -0.054070885312779
3.6715793988999024 1.6993895279493973
2.269468416943103 -3.038668552563021
-0.2773615982543959 -1.0813729003939072
2.576011758238363 3.2397935891083867
3.638261092548172 -2.1996378228285614
3.396431800533526 1.8063506880852742
3.974949475708479 -1.8671714293373172
-1.8605575755896862 0.410103483166161
1.1558611009352906 -1.682468048724513
4.6490749428021045 -3.3528400406777763
2.651387293383282 -2.6227552259367863
1.9129345911347961 2.389874797448712
1.6991221538658416 -2.20027216445588
2.67534956186775 1.720943498448909
5.095140298480299 -2.4460863772011905
3.5943342402079854 -3.4031120309006733
3.353512296716994 0.084905593743068
1.9497848420225032 -2.7868283435410417
0.1175957255973902 -0.9251920041272618
-3.139789788206945 -0.0148820014956738
2.7779404884909726 -2.817043995019034
-1.610911071655803 -1.0285210047241764
1.3585706607787453 -3.167508267156665
2.159446992925675 2.175986496514371
2.2712023073941032 0.3837862009563364
3.45282171015971 2.7962070216703636
-0.7941819685774935 0.0935707983219255
2.7579925614751817 1.7361843047974326
-2.1784182196573094 -0.0345139319804209
-1.8887355586954104 -1.053723507461508
3.211541143832922 1.014168691780346
3.694601281040961 -2.749281872124947
-3.274143684825978 0.4120322078022617
-1.0215667270973248 -0.8105274969315855
-2.962266949536666 0.394352044339594
2.8843842060811653 1.8582610541745215
-3.7239198857121116 -0.8764198398020235
-3.0180576725938595 -0.4065382268937601
-2.993696259535626 -0.051735122486017
3.6073448473300713 0.4230938728164222
3.5539213693091427 -0.4023223138869254
2.212109361584166 -3.4237102769745844
1.4337366693075142 -3.5593073577100736
-1.7241234349201682 0.8879633565509198
2.2643441870646672 2.480942833293849
3.24536057913758 3.1414049694770645
1.4015546370845342 -2.8160489482174533
-1.7949678546165186 0.2967733339606804
3.6133616966079685 2.9954563879608425
