0.5956445147705446 -0.4964769816137059
-1.3543022850506536 -1.1895330330117957
2.3373637618103835 -0.499725184969484
0.0259940713229103 -1.933099982803893
2.242713490550745 -0.1884623332940342
3.3973440949220337 -1.333262268862438
-0.0448277631191984 -1.7142457977374617
2.2304060692655483 -0.4424051534281406
2.5746365524196646 -1.7466236602333656
3.525420917007111 -0.6510144109717418
-1.5044644044004138 -1.6214938709404163
-0.7409481738771326 0.1718126825183702
0.2494194909134194 -0.1996857634979764
2.8742582805441184 -0.0399289861991509
-1.1970194146514634 0.071508662109897
3.0883458920512292 0.068738923052754
0.2385974158130282 -0.5661340592529578
2.684280425267901 0.0932118148880592
-0.3492614003459484 0.3507197804745674
2.78866842743043 -1.4506767666399667
-1.098340640199322 -1.4573702890387346
-1.7814699105733225 -0.8686435215627918
0.2791074486360701 -1.7505634906981236
0.2455178293639078 -1.4379870963022052
-0.8857081338430781 0.1745439854699113
-0.4133276733818737 -1.650540960756802
3.6172078041236837 -0.4782240728621519
3.4931740981711834 -0.6328055005774115
-0.501120562339117 -1.0544809789414797
2.1911219508926383 -1.4516297793480142
-0.7194718773921441 -0.25279617101411
-0.8952079191049427 -1.8147871607973607
-0.4769187029375926 -0.7902614033699823
1.9171550948331095 -1.17803861017781
0.6815926171650859 0.0167707794006327
2.5074009357787284 -0.2208002314632031
-0.8822135303246232 0.6231753912680658
3.7358066046438547 -0.4754657128129816
2.388051242305498 -0.4125863479545013
-1.2445667641090774 0.6636999337849558
3.016367664730934 -0.4676296264358126
-0.5492416460564327 -1.2414156993397203
-0.7122523988581932 0.5655580734931458
3.3918758904770847 -1.051348673233632
-0.5331232349099887 -1.0160119827970076
0.2040350287438197 -0.6702128388475456
-1.7816153315728027 -0.2040600191363231
2.05771875670895 -0.4473502758800507
0.6412182250462574 -0.3866239051747899
3.479594687167093 -1.0459669636187132
2.5407632402831273 -0.8867738254723374
3.7454483015905913 -0.6282230959548012
-0.0685982098455624 -1.7549448690743943
0.0887764418581224 0.0796097200053448
0.3335992108155376 -0.5350392918848323
-0.624967418225621 -0.8580214305355315
2.504656288791262 -1.393946369554373
-0.6003800912238665 0.3351159514395394
-0.2543702039616175 -0.7713684417699035
-1.8895549255429192 -0.8641064136937612
-1.2178198378335807 -0.1135175180478353
-0.582431854056449 0.5340123676661876
2.7364717034358264 -0.6148277656332118
-0.6448396916937496 0.3562659900820753
2.507862720376791 -1.71536316525735
2.0596866745251834 -1.3295207576041468
0.3515598661153213 -0.5553376180486757
3.084491951126437 -0.5227165676358136
-0.6250580815175147 -1.1106673819889623
-1.137091842645893 -0.8557354600021781
2.422885284137166 -1.6350860640551985
2.5373102233044285 -1.6974515604570704
-1.6837312908434563 -1.008985594709498
3.5997393865519594 -0.8936965899651311
-0.1747472187586793 -0.4272173533640107
0.6836478971226154 -1.346566933590351
2.8769054161843064 0.1361770842037139
0.8058690313133136 -0.8509871997283324
0.7432747004286534 -1.2340053451051127
-1.829585102790828 -0.380330148566853
0.3084073047400473 0.4431249826797914
-1.1647613447376253 -1.2361888260474647
-0.580540583619601 0.8185611974986867
3.138483484505206 -1.0528320654822252
2.425047076024119 -0.2726118717076113
-0.6432390241447666 -0.5488861725557788
-1.0742428899282586 -1.6291993665986173
-0.4223428260236607 -1.9192182625494572
-0.3874224639808581 -1.1786432330729175
0.0046287688995544 -1.0060537406178167
-0.2690816035849985 0.8229916614681694
2.3932735484270222 -1.5315600014016737
0.8323964114675623 -0.1640459458044662
-1.9209521552540612 -0.7976673846213826
-1.3028543358584779 0.6662741525879281
3.7032304308690334 -0.5665630277613926
3.0015236575496074 -0.8393436059287757
-0.2766436828148643 -1.7711770016267827
3.365028712434316 -1.427507793681071
-1.1861802948915325 0.3315182903955328
