1000
925 1483
103 1001
1287 400
885 1910
1829 628
1545 357
914 890
298 1330
1215 1279
947 583
820 349
174 297
47 1572
1508 639
1667 1252
467 1162
186 1280
181 866
1854 135
781 586
251 718
773 1807
1977 80
1952 569
513 1621
1120 1450
1143 46
276 1715
49 1006
523 886
113 1442
911 1659
1678 496
56 941
1416 625
149 1417
1000 833
494 1690
369 1686
7 1873
951 1247
196 1827
839 800
581 1704
221 409
210 1955
539 71
1080 5
195 228
338 264
1113 1684
1243 391
663 646
892 984
1193 1770
1838 1794
1038 183
853 1340
836 1853
755 1238
1706 436
958 1209
1427 477
1500 1125
1513 1002
1817 1725
1672 1303
1602 1920
340 1498
670 542
435 1949
1791 1569
1875 809
1186 562
858 88
518 1338
1714 1912
712 1594
1640 1292
590 803
1724 1905
1074 1360
982 1361
746 1951
231 1233
873 753
1008 1246
1806 1342
234 1980
1987 1784
179 1109
1555 309
1546 1921
1742 665
1452 1537
1300 1056
86 343
609 555
504 766
1349 549
1158 1339
657 1848
622 316
1129 1624
1906 1595
1018 546
1444 1828
1007 1269
852 1629
1899 794
246 566
576 102
1456 132
1392 182
1195 1996
1564 1775
381 551
680 375
1420 247
772 838
1201 1063
1628 1915
1148 204
392 1345
1636 1719
1587 296
723 965
681 360
429 1241
990 1254
23 500
694 1383
1293 1219
1022 1471
509 933
1935 1147
1029 1751
497 312
796 1792
1145 940
760 1016
969 798
534 1946
108 1759
1057 185
1862 96
1454 81
550 1599
1795 1134
1369 1081
1674 413
348 1275
811 83
1251 104
1060 1696
1757 1973
1750 1548
38 1451
1736 1055
1652 727
411 700
329 100
735 1641
716 355
1460 223
669 571
1525 688
376 785
582 924
1682 339
734 1308
927 900
946 556
619 255
447 1705
693 1367
1069 1738
206 1941
1590 1890
1523 620
564 1278
1065 1963
1760 1157
1940 366
268 879
1558 1179
949 987
306 192
419 1765
43 220
799 1592
404 865
434 242
1075 1531
697 1924
988 12
1088 1167
1384 1087
897 353
474 1477
1313 1214
216 607
1058 1850
942 1154
440 4
359 1070
307 1266
1699 1685
717 1903
1521 1609
1407 1027
977 934
1934 1767
722 851
1904 1260
60 647
650 742
1666 1216
1892 1364
140 1615
1399 1284
50 1870
1692 1901
626 415
1712 34
1175 208
771 18
979 603
1108 53
1857 472
233 642
385 543
66 1576
289 114
1467 197
1584 1701
857 55
293 92
457 883
827 690
59 1616
1710 461
1050 1133
1608 143
1462 1470
254 1933
226 141
1048 1818
1988 1041
1227 1522
959 972
15 876
445 1328
124 218
21 1919
1748 747
184 1480
1142 1093
689 6
160 1347
724 236
1317 36
1261 1071
537 1192
1858 649
1745 1237
1752 945
1763 1174
1871 1184
568 1153
570 111
1869 1294
597 145
1274 271
278 1084
1334 1440
1356 632
1713 674
365 1011
1119 560
1962 824
705 617
488 956
421 1613
1961 1350
791 1956
894 862
683 1146
1131 1391
845 1095
1589 1769
1486 573
887 699
1694 2000
267 1229
1780 288
1982 869
1285 1900
738 554
1777 975
1695 1183
559 1141
1916 719
1658 1679
757 301
1358 1665
1305 1326
26 980
362 1380
805 1776
294 1566
930 1225
1833 1596
1107 1092
1202 1190
1670 333
1726 572
777 912
171 304
1673 318
842 792
482 1790
1426 493
1387 458
1117 51
1747 1727
1648 531
610 849
970 479
1156 193
968 157
1379 1650
1975 1490
1662 585
1552 656
1948 213
1365 631
599 536
1983 832
903 1675
129 73
1541 98
1090 1697
1449 1968
459 929
955 1377
448 1408
1267 1571
292 1774
95 229
535 605
1196 1842
262 826
1103 1849
1937 817
1542 877
575 1573
638 875
199 1230
232 79
740 967
11 938
1346 1194
10 280
1017 1403
203 433
1886 1534
664 1549
1386 640
1323 823
1813 1101
371 850
658 1083
412 91
1819 765
1475 1176
453 524
521 1127
1212 1218
661 1372
1588 324
272 1499
1040 1909
1925 39
1128 1453
627 214
1891 1872
311 1155
1567 1250
1336 822
469 1868
270 1801
1341 943
1550 1851
1479 1382
1543 671
1986 762
1859 1509
99 476
1966 395
24 1789
618 389
187 1306
40 410
616 219
913 69
1410 1447
422 1634
1617 1415
841 1638
786 1497
1082 630
1565 1023
739 334
1106 489
407 776
1622 1614
1296 711
177 1796
1953 660
797 1396
424 1432
455 1561
1344 1591
1189 364
591 1132
122 1118
1972 164
868 1753
444 1244
202 475
468 928
1257 668
1064 1206
533 769
1881 1581
386 352
1351 487
624 732
1635 1702
1393 291
325 1645
1593 1559
782 358
991 574
1533 370
1091 428
368 1932
172 1098
872 528
456 1042
175 612
1880 736
1210 240
1512 1754
90 1651
1236 42
552 1610
394 1847
1527 1528
1032 1437
763 1843
682 1430
1568 238
1805 1271
1223 1810
1992 414
1957 347
541 314
1495 708
774 1815
1604 1390
1130 761
1348 1286
377 1504
1532 1846
1800 1749
317 1401
396 685
212 1698
1283 520
691 1072
1680 1461
1976 1366
1943 1355
13 1381
784 131
1019 592
222 1942
1511 937
1047 310
498 893
1518 679
1054 901
241 225
274 1654
205 1397
1877 155
1099 1913
1864 200
519 1213
105 1643
1798 767
899 1371
1553 1918
601 1398
1026 1152
1122 466
1028 1172
525 1302
1327 863
176 1160
1482 907
188 1931
666 1329
614 1405
775 1140
1936 319
308 1443
994 604
908 442
731 783
818 1488
1110 1253
1290 1603
1911 1373
1049 62
1526 806
237 1207
491 1554
139 82
1105 249
372 801
1671 867
1166 1178
779 1493
351 123
594 1557
540 1015
138 1876
678 230
1771 121
1332 54
1930 1954
1723 707
1717 1421
795 1773
1538 1112
864 257
1970 891
387 1009
896 714
1221 408
1059 354
1922 756
450 462
939 1455
77 684
1151 1926
1990 1161
28 1583
1438 265
1111 758
1734 1249
1352 855
1823 728
1844 880
158 1335
964 380
180 342
957 178
948 1788
526 1458
374 1402
373 810
128 285
194 1468
651 335
1116 606
1691 641
515 8
1476 730
426 384
1115 1958
553 1570
985 1239
1469 492
1647 790
1138 884
68 745
399 629
266 983
1318 460
22 1198
1598 1188
1 1639
1135 1242
1033 1563
1321 299
1036 978
1191 33
1473 1879
1785 1502
878 423
1514 703
1406 446
279 1779
655 1078
1746 1860
1094 1985
403 25
637 1030
1802 1560
1793 1265
1315 561
692 332
1965 1600
544 201
1637 1524
1902 1024
260 919
438 379
1457 1310
378 75
258 1761
643 1199
1627 659
1226 1481
1837 1626
848 807
480 828
1799 1255
261 168
906 1096
432 1539
1540 677
954 1821
778 916
667 302
1888 1037
1353 920
1204 1439
1020 402
613 441
1394 1276
600 814
1376 330
1894 286
224 1429
1947 1073
1395 1824
78 481
557 170
859 45
64 1732
1370 563
744 1733
1893 1436
860 1786
1586 425
1089 1536
844 1222
741 1762
1677 94
1149 997
29 1764
1782 1744
510 751
1867 1852
1163 1597
87 921
1177 1768
1014 1515
1655 1291
1811 152
1043 1863
125 634
874 1874
1034 1716
1277 787
706 1322
1503 904
1144 1644
1623 950
1411 721
1231 1062
416 726
962 1431
3 1580
750 516
1311 1797
1993 305
1741 780
1945 1507
1304 84
1433 356
161 1721
1923 148
831 120
1995 501
1459 321
1814 1969
1404 1045
27 701
1359 815
1240 295
215 1611
1984 1224
532 248
388 406
922 1320
1031 802
888 653
584 538
151 1114
153 1325
437 1562
1978 830
1585 870
789 588
963 1660
1967 999
1778 686
431 725
1171 190
567 1136
1423 1333
1362 1445
464 1097
1419 595
1964 1896
1669 1066
1544 1235
1211 217
989 547
759 1728
1708 976
1579 417
1839 1044
144 1496
115 1607
1781 917
748 328
89 52
1787 702
1273 1434
507 1606
1052 615
1489 1578
1039 490
1883 31
427 147
337 1363
1137 130
503 495
1046 1803
1182 277
1374 1895
1506 846
676 695
1485 485
1981 1703
159 119
1272 142
198 936
1077 1908
1510 593
1268 117
998 1165
58 808
633 165
17 1100
514 709
303 1861
1711 1258
1834 1316
788 1068
1067 19
1331 687
932 1529
696 1841
282 331
829 961
173 1898
847 1832
44 1889
821 530
608 931
136 30
167 768
986 754
361 327
1681 1577
1441 1826
1478 473
300 578
484 1324
993 326
1102 169
315 1288
1425 905
882 1884
981 227
1446 1743
1053 451
256 1424
511 577
273 1061
673 1501
966 1997
1783 1601
589 439
1164 134
1739 1656
245 250
1809 1474
48 545
1989 1217
1646 1758
1812 1484
1535 323
1245 341
70 861
648 1631
383 654
895 1357
1632 207
1917 1295
1013 452
1657 1574
1079 1683
259 345
1004 1856
1991 715
652 1633
1281 244
611 1012
320 505
269 840
1375 909
1435 1301
1168 517
918 935
150 645
1866 127
1766 944
1492 454
191 1428
1835 41
1389 1693
1887 420
1676 1309
675 1264
1159 512
502 1530
737 1259
1319 1772
1203 1661
1882 443
1620 390
363 635
109 1625
2 1998
1974 1466
1820 871
835 1700
275 137
580 749
367 1612
973 1520
672 1885
486 14
1414 1104
313 926
1200 996
189 1385
1865 1185
992 644
101 283
1688 1494
116 1944
322 952
1582 166
57 1314
1005 499
995 1804
1731 483
37 344
1971 565
1914 1234
1516 1653
1208 243
1181 16
93 1121
430 398
397 471
1979 1547
587 1840
1205 1664
1994 1737
85 729
1003 1123
1999 1464
1170 350
1487 898
1735 1126
733 1687
1354 9
1422 1298
1720 1262
1021 1491
1551 710
336 1831
1035 1959
1729 1010
579 346
35 211
162 506
1649 812
743 287
1173 126
1709 470
235 401
837 704
1836 20
1418 418
1388 1938
1187 1465
110 253
923 1950
621 529
1505 146
209 1756
1312 1289
1556 1929
154 508
76 1755
1928 971
1270 527
1907 1575
1086 393
881 1409
1845 910
1722 106
953 1139
1830 239
1169 1248
1825 1051
1718 1025
449 1400
1299 32
1822 405
843 1448
856 764
1927 290
1619 720
698 1232
382 281
1220 522
960 65
1689 1878
713 598
1663 1618
463 1463
1228 804
1630 1472
1343 61
854 1517
1337 112
813 1150
1076 163
752 889
770 1730
1282 816
1263 63
1816 636
825 558
1412 902
72 1085
1939 1256
478 1707
1605 596
1368 834
1197 1668
793 662
284 1378
1519 1413
107 133
1740 1808
156 548
1297 915
1960 819
263 67
465 74
602 97
1180 1897
1855 1124
1307 1642
118 252
1483 623