940
1007 1691
289 109
483 130
353 883
360 1871
495 969
99 1449
430 1851
1502 1184
1324 1481
923 374
1048 862
277 390
1230 508
1218 1036
936 79
186 660
980 1085
23 626
681 1075
996 1422
1377 927
666 406
295 424
541 1343
1566 1493
1635 894
1195 986
1557 581
128 304
1722 728
1569 502
662 1842
66 856
1607 1359
854 1462
27 1550
705 247
1090 993
836 1723
216 1151
1815 588
955 1178
699 511
1672 83
178 1337
976 1538
434 1322
280 849
38 187
786 1478
593 1204
1615 1736
396 1410
1673 34
1529 580
607 703
1006 1056
1693 1499
1186 400
1295 873
938 867
1540 1339
1784 724
298 1176
123 608
1411 691
1777 1382
748 1760
1098 1558
150 829
721 974
188 944
1286 324
1446 161
242 592
893 343
87 599
369 594
62 790
1428 317
1078 1223
181 1565
291 235
1309 1236
811 741
609 1106
259 1473
1355 1510
1021 1572
450 453
627 1464
173 272
255 1372
1113 175
1535 1205
43 525
75 1145
548 426
139 1862
326 1361
912 1508
569 1614
895 253
906 1323
1719 91
1237 463
448 844
1849 1776
556 267
653 1827
327 1162
1676 833
314 1812
341 1752
611 1192
1834 1514
1583 1601
853 497
1870 1795
837 26
918 1291
149 1146
250 709
228 402
1875 727
1534 1266
512 303
481 63
868 1824
219 472
1037 1632
1124 1273
1040 901
52 1570
886 1709
1528 347
972 641
1038 734
465 1706
1065 51
1220 1002
1278 1406
1163 1297
491 956
1747 1703
1793 454
959 538
997 1019
890 1312
415 631
1498 1501
574 1469
1277 428
1241 1595
1829 1059
1134 768
863 282
1161 1536
1115 258
1412 1547
88 648
44 117
577 1652
1281 1624
1859 1728
1442 640
1438 785
470 443
725 492
144 377
1069 1494
1711 1609
661 431
1201 1447
529 1757
1562 601
625 1658
860 97
1329 74
349 146
252 1857
1491 1471
1668 1830
1202 248
1039 1024
294 1863
437 1030
411 1664
644 384
803 427
884 197
780 1720
1836 1633
643 1077
1748 410
1452 1474
50 677
1554 1207
160 467
1861 987
473 1198
1197 1532
614 1268
1710 859
559 1239
1424 1097
194 973
1365 359
82 1628
1142 218
93 584
405 1589
983 902
1647 1599
1252 940
532 568
602 1486
891 1460
223 516
119 78
845 1035
603 13
1210 142
1158 509
1363 1738
733 316
1249 403
101 262
126 1238
773 678
485 1646
1700 416
92 766
555 1704
370 462
1425 915
1045 65
528 1796
939 1739
1387 850
1544 1821
1737 1018
924 818
1611 1072
1126 1848
246 240
1655 1629
819 1733
1718 442
382 1209
471 647
732 554
193 227
871 225
1716 550
879 372
1351 642
876 1769
1588 1091
564 1685
1654 851
380 999
274 1026
1758 1495
1014 456
313 1602
787 590
1332 1427
909 900
365 203
759 1850
1488 1366
943 839
1852 348
1388 1011
1867 1282
1172 1657
1334 1378
1838 1466
1333 1095
539 779
1732 1367
1232 85
11 720
1110 1400
122 1066
208 1208
458 650
1682 1725
158 217
898 521
1390 1744
112 1470
823 1315
1458 333
1459 156
1622 1575
914 1573
121 794
663 329
814 172
1001 110
1264 1224
792 605
301 1616
1335 1403
1696 758
103 700
1254 1402
1253 615
767 1705
306 452
673 842
911 1753
846 798
835 1847
1879 619
740 1559
1122 1100
1560 68
1166 1058
1271 1771
1327 292
1586 1293
1222 685
102 1717
812 1032
1450 1061
953 342
1650 1064
778 633
60 830
1590 153
917 1746
1005 222
1610 821
1518 570
617 1049
1052 1582
1196 183
1194 612
1612 730
1644 474
1350 777
397 1620
1079 1707
1423 676
1270 1160
1825 1630
263 215
1117 1274
486 1348
565 904
1404 1782
196 334
1542 285
806 1275
1395 155
363 478
20 1279
1579 1860
354 310
299 865
908 30
578 979
1430 674
793 1479
1102 752
600 67
848 1808
632 1642
407 919
639 861
1047 1820
1594 1326
826 1389
179 1171
1545 1108
105 1764
982 560
3 573
1659 885
1445 1487
717 1294
1419 1541
423 975
1159 480
710 1651
816 498
1799 281
176 1788
1101 476
801 616
425 264
288 1763
739 1214
1092 1485
989 1029
290 77
1552 572
1012 1164
1831 1010
591 375
634 1805
166 799
1774 1483
1663 524
477 1687
325 1180
1133 704
1200 519
127 1822
1640 331
221 1027
1515 1855
669 1581
649 1302
131 1787
671 1248
1109 1257
576 356
135 421
549 1688
707 1576
946 271
935 1853
1258 206
1082 1603
1380 635
1057 366
385 459
148 1215
1435 1217
435 1803
586 1415
810 1476
1155 1028
1766 1755
1623 1152
1123 903
1440 352
364 1619
1439 630
1734 1880
1344 1605
1617 784
312 21
1840 1448
1330 111
25 1025
64 1128
1088 750
984 1325
1843 113
1190 1496
929 1477
1017 1765
1119 162
1431 1140
1416 683
29 503
1235 1785
1683 1643
1321 1272
484 866
1008 688
1798 595
1662 432
320 436
687 686
31 1645
488 761
1114 1360
966 1120
651 1525
190 1606
192 985
1876 1081
820 889
1810 977
125 269
832 168
963 716
589 118
1530 140
124 22
513 251
15 1157
260 165
1813 309
1779 383
8 828
284 504
482 120
1783 1131
684 1648
265 414
1353 776
1864 1175
48 1756
460 978
1669 1262
753 657
2 757
293 1634
1636 311
1358 1139
1441 711
1522 714
1817 1073
1455 1187
1369 701
335 449
1789 9
1674 86
621 1555
1103 1288
381 1020
1084 1456
1375 1596
1865 1071
200 1600
1489 544
1500 847
858 1637
665 245
1041 1316
239 1317
1141 1374
804 558
213 693
1070 1177
1816 80
1269 1520
1641 1823
398 1434
1156 1227
1451 1726
1492 1004
960 864
438 89
1790 1679
742 872
167 769
1551 800
522 1391
1467 1283
1137 106
1067 71
887 1811
1548 236
1413 1794
1303 177
1136 1482
1346 1792
1320 952
913 1211
1845 1819
1179 1000
134 1563
1015 515
96 1420
744 562
152 273
537 745
1418 520
809 824
308 881
708 205
937 1233
226 1242
815 1533
1246 1132
802 928
1454 170
882 1373
1833 413
129 942
654 42
675 318
567 618
332 507
606 355
582 487
211 115
1386 1524
1724 1319
241 505
378 1527
1099 151
788 1526
1298 339
596 961
1539 433
838 1841
689 100
133 1598
1873 715
949 1844
646 713
1826 1143
1384 147
1213 1497
899 922
1304 1593
191 1401
182 244
1408 350
831 209
1 557
645 1759
1543 1305
1125 1089
536 429
1034 1062
464 1521
41 604
1265 266
1060 869
1292 1846
658 1585
926 1567
1702 1076
583 394
368 1031
781 1592
726 1714
531 1754
1225 1394
300 1577
94 563
1686 180
825 1809
1786 1276
1289 1003
1512 1627
1741 1203
870 1584
1086 855
1093 455
1868 1429
1564 1044
1561 659
6 1183
795 1866
232 279
695 1336
1699 1193
1731 69
1009 1392
764 1638
1712 735
1013 201
920 610
234 783
198 114
652 954
682 143
968 964
696 843
1568 775
1684 1231
33 1625
409 765
706 1523
489 189
950 1342
76 737
408 199
1170 1801
613 1206
543 628
1708 1591
553 749
1506 237
256 1063
638 1074
1772 1307
395 1397
1396 551
797 28
202 337
169 934
1571 392
1308 210
305 1144
1349 496
1745 1068
994 145
1618 1285
328 932
1083 1287
664 1727
404 1667
195 35
545 1296
1243 1331
1761 1255
1773 376
249 692
991 1165
393 1503
1797 444
233 1263
1174 90
875 1580
1405 1791
386 967
1818 1553
1121 1613
1505 905
212 1290
1556 679
1504 296
808 1457
447 1678
1247 1694
1216 1507
763 771
992 54
523 1154
754 517
132 141
19 1626
1226 877
1354 718
37 58
1234 722
322 892
1167 1267
1519 1762
1250 1096
566 1370
880 542
755 254
1379 1284
1345 1770
857 990
751 95
243 931
445 307
346 1053
1153 527
1472 159
1490 760
1280 598
694 575
1639 1229
1311 1656
336 268
1147 526
207 10
1130 1874
1050 1381
546 361
958 278
981 965
1116 1695
1181 1385
1653 1701
1135 1318
84 1832
302 500
1054 1511
925 680
933 270
185 1749
466 1046
55 391
461 962
315 1828
1310 1767
1299 998
367 1433
1671 841
1531 518
1800 297
1878 1740
418 1118
154 738
340 1608
1484 1780
1665 597
772 1806
1465 319
137 1778
1649 747
896 1104
731 1432
1148 888
204 358
1742 1426
667 261
1781 399
220 1105
655 840
762 1150
1436 1300
1631 1362
637 1376
698 1245
930 827
1877 229
1807 493
1199 1463
1138 712
1314 1715
1244 1182
1080 4
535 286
1368 620
47 1421
945 1051
1461 774
373 174
39 1185
1306 1768
670 1261
1313 1689
136 171
1621 782
104 1713
1055 230
1352 530
138 910
451 214
1107 1468
387 1604
878 629
852 1677
446 439
796 379
1364 1033
1475 1371
723 1692
1129 636
24 1417
623 1437
571 736
321 40
157 1698
468 1574
817 1127
357 1516
1513 579
1383 1751
988 1173
57 822
479 1112
690 70
1537 1480
743 422
1016 276
1221 1328
1341 1835
1681 789
1670 957
1347 534
338 457
1750 53
224 791
59 494
1661 490
552 1188
163 834
73 1022
947 108
1393 61
1149 1042
916 1023
622 330
1854 1546
697 36
1856 12
287 1256
1191 441
1356 1169
344 874
1043 7
440 14
719 1775
1251 1301
1872 995
1259 729
1453 184
1666 1578
770 107
510 547
345 388
401 1260
1597 1340
1443 585
81 419
1087 45
1338 907
540 1228
1587 1509
98 46
921 1729
1743 1660
283 238
1212 362
116 469
389 1240
17 1690
499 257
624 807
1721 1837
948 1407
49 16
1675 475
371 275
1858 1680
533 668
1839 417
1814 56
72 1219
756 1869
1804 1398
1444 1549
656 1094
951 514
587 32
971 1517
672 18
351 231
702 970
561 897
1111 1409
1730 412
506 1735
813 1168
164 1802
1189 941
501 1697
420 1414
5 1399
323 1357
805 746