115
829
274 1575
735 918
1097 1156
675 704
1415 1421
1577 1585
867 1390
1306 1581
643 985
918 1206
131 1600
1496 1600
906 1367
120 822
514 732
877 930
953 1256
554 1067
1109 1563
1513 1520
1315 1485
610 949
421 1566
474 1451
136 1571
1030 1071
1300 1370
1523 1546
1265 1280
604 736
78 1308
1093 1425
459 617
1353 1585
1402 1487
178 1472
1244 1327
766 1472
796 968
1274 1286
724 1092
286 397
471 794
367 887
517 812
946 1528
194 592
1381 1416
1494 1572
1355 1566
658 1550
1364 1480
1263 1552
454 1151
674 782
1085 1501
202 419
1302 1323
1520 1546
957 1014
196 1264
952 1104
53 885
155 1111
576 959
71 1166
1377 1508
359 615
146 1104
654 1451
478 1173
1131 1551
408 840
663 682
1560 1590
855 989
618 1255
839 971
454 778
201 802
1281 1290
1025 1253
987 1429
1276 1376
830 1485
169 595
299 1401
770 835
1229 1275
1357 1367
57 604
41 1499
955 1468
684 1322
3 1571
1074 1078
482 1110
602 782
1045 1577
1373 1434
201 295
1336 1537
984 1139
661 1512
213 1236
436 795
396 1297
880 1336
212 1340
176 703
1340 1431
1475 1591
1114 1435
899 1263
595 1537
444 1050
42 534
476 1027
1579 1586
470 1573
480 1054
53 395
1007 1500
1351 1365
649 1599
1474 1489
601 609
1298 1527
1080 1398
1347 1562
1104 1391
1037 1290
1280 1515
70 1272
559 1104
506 1169
1177 1548
1559 1583
1117 1374
131 946
497 966
1475 1497
1300 1302
792 1364
1220 1329
1029 1165
881 884
1457 1569
667 1166
1412 1500
1470 1561
1124 1305
941 1165
500 1504
133 1412
1150 1563
1196 1484
636 1052
964 1257
651 1265
1040 1302
1221 1359
932 992
123 734
1394 1405
1450 1547
308 771
915 1133
1339 1421
1285 1380
1085 1330
1211 1260
1437 1578
1438 1592
856 1101
207 1352
198 370
882 937
1367 1419
362 919
738 809
1533 1567
992 1059
1291 1319
1073 1518
640 847
772 1509
1016 1226
588 813
1544 1589
1124 1564
1012 1030
1332 1477
24 1518
796 805
547 1175
1436 1595
1219 1530
470 1414
1071 1073
743 1351
180 407
389 1130
1092 1145
1252 1380
21 1118
695 1564
827 1039
430 817
119 806
477 1056
421 937
80 374
177 828
358 665
665 1502
1586 1594
689 1059
300 313
703 1009
1458 1520
1572 1598
47 504
524 1351
514 924
1583 1597
1522 1595
424 768
1231 1526
629 1000
743 914
237 708
1055 1481
827 1461
158 1272
1542 1565
515 995
339 373
45 407
104 827
1346 1443
747 1275
178 1552
887 1201
566 716
99 1413
223 995
318 1011
748 1595
546 828
633 879
393 632
656 1259
993 1166
653 1594
1508 1579
899 1165
72 878
136 1074
1036 1320
1443 1532
956 1437
643 1037
1597 1600
506 643
228 388
634 1085
267 1033
1115 1503
550 1489
829 1059
488 844
1302 1486
324 1237
153 391
1020 1554
926 1394
591 996
927 1397
92 581
1237 1299
1110 1206
735 954
1173 1583
612 1043
1558 1571
570 1138
1389 1518
829 1562
346 1462
438 1344
363 756
1377 1464
1241 1538
115 1036
61 1454
1408 1417
398 1087
1533 1595
299 1274
110 345
419 1223
272 751
165 1452
910 992
1372 1560
1075 1517
1430 1458
689 1427
567 1025
418 562
231 1324
786 1289
682 1221
1395 1396
672 1302
1254 1509
504 1522
567 1123
274 564
214 893
811 1285
65 290
388 1051
1118 1135
305 632
1411 1466
906 1429
346 1538
910 1444
75 826
1323 1333
567 1507
848 1339
646 1092
224 626
319 804
1088 1442
467 832
710 791
1229 1337
1079 1327
898 944
419 1361
688 1317
1372 1553
545 631
375 1332
1002 1352
294 930
236 727
1537 1598
40 1313
1509 1596
1158 1216
1526 1582
523 1435
1364 1581
1332 1480
442 709
223 500
604 762
991 1526
1020 1204
1189 1230
325 1540
1236 1551
529 869
1253 1582
712 908
911 1066
1181 1315
1556 1569
1229 1318
196 1203
1240 1451
19 1021
569 1028
523 1025
766 837
577 1038
1532 1575
1086 1281
1371 1579
479 1595
595 1044
270 969
1262 1538
1550 1572
192 418
1408 1514
207 909
579 871
653 1481
1450 1549
771 1381
594 1173
1187 1493
1104 1582
663 1304
1075 1389
618 1143
1149 1362
705 1584
1544 1550
1366 1477
1192 1510
1338 1575
645 1150
731 959
126 647
454 914
1341 1523
1262 1408
402 1563
969 1508
969 1324
109 797
960 1340
715 853
1555 1581
168 879
1384 1401
908 1268
190 612
420 826
270 616
1565 1587
1456 1554
832 1360
584 1005
713 787
47 558
952 1334
628 1110
1527 1533
1192 1213
360 535
62 350
43 345
173 1330
595 807
501 1311
851 1230
956 998
412 1103
1176 1516
695 1310
882 1311
62 817
804 891
273 865
884 1390
995 1393
897 1129
485 685
278 781
52 996
811 1350
765 1036
649 820
1023 1225
308 1342
267 1572
1063 1334
1071 1570
689 1045
1345 1517
243 879
1484 1587
890 1598
1297 1303
1065 1329
820 1009
937 1200
809 975
1534 1570
613 1295
682 827
955 1233
236 557
421 1377
810 1415
146 1231
996 1586
35 907
465 1427
1528 1573
124 1353
683 982
1229 1396
605 1108
1179 1344
985 1223
220 1488
1325 1561
1159 1416
522 1246
600 1523
1348 1451
1302 1363
1530 1534
782 1233
1475 1585
39 1167
220 542
1065 1494
1067 1237
624 773
762 1332
158 786
1069 1104
1404 1566
670 986
726 1505
1289 1585
1501 1571
1310 1566
24 1344
478 1352
23 462
930 1409
1234 1280
391 1311
469 994
1165 1569
104 1150
1 1380
1338 1496
1310 1399
294 362
330 473
718 1069
330 414
951 1360
1086 1517
1374 1488
741 998
1113 1474
743 936
57 1272
1545 1556
759 1599
1317 1334
1382 1393
1391 1551
125 678
1390 1578
925 1432
1370 1460
217 1518
1343 1568
860 897
1224 1309
258 592
937 1540
1114 1386
1227 1239
1168 1430
287 1350
76 582
47 1553
472 631
1076 1485
625 990
154 693
516 564
328 1552
1583 1591
1262 1382
1524 1572
1310 1329
1550 1584
550 1121
919 1229
763 1486
196 981
524 1094
668 985
405 1075
1420 1577
40 1371
510 552
434 441
900 1033
1278 1576
659 1301
780 802
907 1210
365 703
1179 1526
1142 1326
84 757
1128 1220
561 1223
1271 1412
698 721
758 846
251 869
1085 1429
111 482
1317 1475
1164 1295
724 1001
932 1541
396 1191
942 1155
349 1368
974 1094
1102 1324
503 543
652 1399
360 696
1015 1543
952 973
479 1403
1434 1481
471 1527
318 1085
1502 1506
1366 1442
104 112
185 1029
19 305
460 682
1505 1582
645 653
411 1390
1169 1572
1043 1280
603 923
3 294
1097 1237
126 1045
920 1196
113 252
180 928
1305 1370
1321 1468
876 1062
99 670
21 1344
273 956
316 1553
1227 1468
1327 1394
1316 1387
511 1333
1273 1351
694 1195
630 945
868 1048
1373 1494
684 885
824 1551
649 982
310 920
789 1110
721 903
1192 1475
583 1474
1412 1451
320 353
1337 1554
216 696
512 944
1039 1494
1287 1368
197 745
173 961
485 797
1514 1581
402 711
405 488
280 1135
1111 1121
590 970
570 1428
923 1035
334 343
19 1276
627 1155
32 1064
689 1271
1326 1444
881 997
574 860
1168 1555
508 692
211 571
1106 1147
277 1094
924 1129
1390 1585
196 467
1156 1191
524 883
574 946
621 1360
1356 1515
1297 1525
964 1262
1238 1347
1320 1350
474 884
170 778
696 763
855 1362
145 1049
314 539
451 453
1367 1567
259 1224
776 1214
1307 1575
747 1454
632 726
1009 1162
300 860
1157 1456
1268 1505
827 951
389 1040
1088 1454
799 1098
948 1125
581 1375
751 804
811 1405
1579 1596
989 1099
369 1335
341 1515
928 1262
1501 1597
438 1026
454 912
618 1482
1477 1508
1319 1550
1033 1399
348 1387
756 810
1141 1308
772 1517
675 681
1006 1187
594 760
565 1104
983 1386
208 465
714 1560
1548 1584
309 1270
1490 1517
74 912
815 1237
1222 1431
1292 1499
8 1402
72 521
1292 1467
1459 1565
654 1297
1156 1542
524 1064
8 708
1572 1600
582 1337
1281 1505
1459 1583
1322 1535
710 1051
61 283
113 547
1144 1186
346 628
1373 1590
956 1153
1587 1592
877 1552
568 1247
199 1445
1016 1064
938 1126
958 1345
1199 1267
328 1380
598 1569
221 901
221 1202
1446 1558
11 1226
626 1063
1107 1129
687 1404
1191 1310
621 1538
227 1549
1215 1401
933 1195
328 758
808 917
648 1211
1009 1454
462 1430
1030 1068
89 1287
441 1558
782 1053
1392 1421
1446 1545
717 1350
631 1369
1133 1292
575 863
502 1117
1421 1560
286 1141
754 1589
295 415
1100 1209
838 905
827 969
87 1195
1063 1518
1443 1458
1142 1476
154 273
