300
900
411 467
969 1391
1190 1266 
1074 1108
151 1063
668 970
1200 1244
693 1440
1148 1345
813 1172
450 904
109 1154
482 942
1099 1308
443 1377
781 853
511 1220
952 1001
778 1117
1316 1422
481 1366
501 663
39 322
707 1318
1145 1362
367 1252
529 1260
854 1429
963 1410
165 1293
1398 1411
1163 1399
332 1314
696 851
541 960
1433 1437
1272 1373
1165 1408
1071 1400
1284 1386
1354 1386
610 910
5 826
1299 1320
205 668
1381 1387
1275 1360
854 1440
421 494
963 1269
675 829
337 1419
450 487
615 915
190 734
406 1327
1241 1421
717 1202
752 784
877 907
806 1086
435 496
1374 1427
681 1201
550 1168
425 1122
429 782
1203 1237
395 1116
696 1283
757 1219
589 1228
861 1013
1125 1197
280 302
310 791
467 1325
1289 1371
1248 1352
527 855
1190 1239
847 1201
403 838
598 1076
207 1325
83 566
87 676
559 595
402 543
57 903
808 1122
141 1258
472 545
98 899
901 1099
1085 1274
374 917
22 1103
947 1323
1292 1306
813 1317
936 1010
28 1164
1226 1375
1188 1373
1250 1333
906 1103
701 1119
352 1348
909 948
996 1367
1370 1371
1291 1359
1281 1408
995 1113
445 1032
528 576
1000 1085
872 1158
461 1318
1146 1161
471 935
40 502
930 1427
1148 1353
155 918
872 1324
127 380
473 995
886 1247
176 307
889 1029
736 1105
203 927
1164 1431
1007 1031
608 1357
308 1266
791 831
441 1420
242 781
1391 1440
843 1216
1322 1399
605 754
864 1134
1391 1440
349 1236
421 1189
1100 1227
1346 1354
1044 1151
1155 1295
328 885
1266 1308
1077 1146
828 1326
584 1413
1381 1416
1418 1422
383 1437
1317 1419
1251 1253
511 591
370 863
435 1350
1284 1309
763 1283
395 916
83 1308
167 250
11 228
343 1388
1348 1365
285 1306
263 280
401 809
995 1293
755 900
812 1206
124 189
43 242
1048 1397
1212 1290
106 1070
548 550
415 1369
552 837
1190 1287
1178 1425
1267 1342
1037 1145
342 712
185 1074
1395 1418
1016 1095
908 1143
411 442
1057 1391
1008 1228
570 1268
725 1165
108 769
1187 1191
811 1014
993 1114
1339 1387
892 1064
228 1017
849 1016
20 850
507 642
1426 1434
745 1236
823 830
953 1119
815 1267
159 643
887 938
184 1187
1147 1184
907 1426
970 1309
753 942
493 1275
667 1076
596 862
1107 1216
1109 1191
37 1428
235 811
1186 1292
758 764
101 916
643 699
259 1241
1340 1408
1085 1363
1180 1246
32 999
960 1089
1151 1408
716 816
1300 1360
434 1032
1251 1429
12 1117
978 1417
69 744
306 1095
663 1239
41 1060
1380 1397
980 1435
39 194
538 650
55 1411
387 1175
1419 1430
1252 1396
122 691
1192 1338
1101 1115
145 537
1081 1194
111 445
660 946
541 1255
216 500
611 1282
142 536
672 1011
818 1314
911 999
1202 1437
922 1230
947 1127
148 301
665 1385
128 921
383 950
972 1162
885 1113
749 1027
125 689
927 1416
747 1125
1225 1380
1148 1300
1169 1369
438 1252
846 1086
684 1221
303 805
4 114
1272 1358
570 622
1221 1342
1199 1330
684 967
325 364
820 1373
877 1359
736 1183
722 1075
1262 1302
1182 1404
999 1282
928 1048
202 479
366 1354
27 784
931 1357
349 936
1064 1247
1078 1145
898 1229
203 846
806 1027
1417 1425
993 1420
954 1174
524 814
408 1005
151 410
697 1345
280 343
773 842
1219 1348
1407 1419
941 967
340 432
164 547
1097 1156
1067 1440
1275 1348
681 704
626 828
718 1075
510 819
67 1148
4 20
1348 1405
489 915
1256 1380
482 1172
1290 1361
984 1117
1407 1432
729 1408
351 1394
1191 1366
446 912
15 660
592 1181
1157 1440
1123 1293
827 1390
173 1037
80 1032
1321 1339
672 1038
971 1422
1191 1336
1081 1230
503 690
858 1403
848 1311
947 1252
150 992
938 1327
829 1004
51 423
1309 1383
1197 1317
90 976
1422 1440
1199 1352
1353 1376
850 1202
1163 1198
1088 1403
259 1043
1065 1386
330 1260
23 689
662 1340
1276 1376
1055 1328
592 1345
1156 1324
1343 1428
553 966
1122 1245
1050 1416
474 1369
324 1338
1060 1261
1204 1318
579 1094
837 1430
1393 1438
1324 1422
222 423
455 1284
464 608
342 1349
647 956
264 1093
303 1081
523 857
432 1253
577 737
2 327
1022 1417
725 852
1295 1410
1365 1435
114 916
507 743
2 968
301 1101
320 1401
967 1227
400 599
758 965
644 790
23 204
463 524
47 282
636 695
202 992
418 1332
1268 1387
607 1304
662 977
19 679
686 1121
944 1205
46 1274
1417 1425
198 463
1275 1330
709 1390
1400 1413
1085 1119
980 1408
1142 1250
40 606
642 1218
1113 1311
636 1257
999 1180
131 1396
1150 1323
1043 1337
1264 1264
1251 1383
1010 1331
1128 1265
408 1032
550 705
1006 1107
615 1193
1275 1278
1092 1372
156 218
716 991
690 953
1374 1434
281 917
219 1026
506 858
222 365
497 1000
635 982
1012 1270
1417 1427
258 337
1375 1392
979 1199
1185 1388
1073 1292
90 1337
490 1267
733 1137
295 1243
831 1254
1245 1277
1284 1370
1003 1066
357 622
33 1193
397 511
1439 1440
758 1289
801 942
600 786
24 28
361 451
182 974
404 421
347 1289
633 932
1002 1344
709 1027
134 1018
667 799
1284 1294
532 1272
473 1402
1371 1381
139 428
1211 1296
371 652
18 1402
50 1097
874 1158
214 1395
1133 1408
735 849
508 1206
963 1402
1033 1071
263 432
1370 1422
1217 1233
1164 1233
863 1193
537 755
503 877
829 1361
802 827
517 1138
466 1301
308 527
1413 1429
1205 1354
824 1058
215 1294
205 1242
1261 1418
400 1214
1374 1420
724 928
1211 1252
685 1197
407 682
414 955
250 804
480 1367
432 447
668 750
56 1261
1345 1397
603 1099
1360 1410
828 1119
641 1409
575 1393
1063 1383
307 1247
911 1354
699 1370
611 1023
1228 1414
862 1284
838 1182
668 1011
61 1346
926 1391
1228 1399
817 983
314 1325
968 1285
1427 1434
980 1428
796 1014
715 1411
245 797
15 638
480 1274
309 914
681 1320
788 1289
1336 1415
1068 1417
304 337
232 408
49 340
1401 1424
291 1440
1336 1423
862 1062
1074 1115
722 831
1095 1233
769 1331
250 693
214 460
973 1306
831 1367
365 937
276 875
212 831
732 990
1365 1400
761 922
1076 1316
1247 1358
1245 1426
503 1401
378 1070
166 926
412 857
129 956
63 983
178 829
682 995
39 298
984 1038
632 758
572 1210
569 611
1049 1349
767 1089
1426 1432
688 734
1104 1342
1138 1420
213 1257
844 1400
319 1220
1285 1433
158 1106
224 687
788 829
464 945
1386 1418
11 77
1011 1219
308 989
750 925
1371 1377
772 1055
729 1053
366 1030
367 663
257 1092
890 1365
1022 1260
738 878
3 1290
15 1158
967 1244
1093 1147
332 1055
1152 1335
637 1312
809 1173
910 966
736 1382
160 1402
35 643
1280 1369
78 1058
254 737
837 855
966 1119
499 812
103 996
1020 1193
105 1425
1360 1415
540 681
67 689
684 742
186 1266
235 1218
1251 1298
1433 1437
352 865
196 1088
22 934
31 1307
1038 1321
1308 1373
1343 1422
601 1371
998 1197
1436 1437
1101 1181
1185 1401
1062 1227
539 558
498 955
705 1376
985 1388
1380 1389
710 1172
599 861
740 1010
1180 1251
1053 1199
193 904
1383 1391
1303 1419
646 1047
802 1178
64 770
1028 1281
1225 1326
484 1339
1341 1381
683 1173
1118 1218
1322 1346
682 758
780 1335
31 1153
880 1157
157 166
696 1227
1284 1329
776 1168
455 1334
642 1321
683 1434
764 1203
815 1315
1094 1225
1110 1117
1022 1439
357 516
412 639
934 1078
1189 1330
917 1111
241 1090
566 735
236 468
374 762
522 564
68 486
1307 1358
1412 1431
1259 1428
1375 1395
408 1336
1037 1348
990 1055
56 865
1161 1255
976 1323
1262 1340
610 1178
439 918
1180 1365
836 1107
334 1312
731 1379
1003 1363
958 1047
473 1292
687 1401
683 855
1234 1410
1034 1171
922 1127
1439 1440
569 1242
881 1022
113 146
1422 1437
529 897
1115 1214
1012 1217
945 1248
1226 1410
732 812
839 1377
447 525
614 1091
1025 1115
361 361
1218 1436
217 294
226 381
970 1404
743 932
890 1389
563 928
178 861
233 595
752 1238
435 1440
24 337
966 982
601 1106
878 1275
499 736
413 422
1199 1423
978 1020
667 1197
1401 1425
1174 1417
961 983
703 1062
1429 1434
414 1286
375 1406
1174 1239
168 1250
192 349
10 260
967 1138
995 1341
1224 1227
184 413
26 683
299 1350
915 1018
632 982
440 806
720 1095
601 1066
603 761
1402 1404
822 903
125 249
425 1314
707 1364
85 1358
992 1375
692 1318
640 648
511 1429
282 360
1085 1417
712 979
209 666
1032 1373
232 1116
128 907
1236 1321
791 1014
188 352
745 962
342 1273
134 1236
1139 1283
354 365
1086 1352
500 776
1205 1360
704 1166
467 1343
1143 1284
334 1134
1238 1409
1197 1338
1068 1322
1075 1335
427 1228
562 643
158 306
434 1076
1305 1388
1391 1428
690 722
361 466
54 399
719 1425
83 575
207 1305
195 917
266 652
249 623
1220 1342
80 718
1306 1422
1083 1162
88 864
1163 1415
524 820
904 1332
804 1107
225 970
951 1095
1188 1211
315 470
1293 1398
968 1084
1139 1433
607 749
612 1228
1148 1149
176 920
179 274