10000
2985
8335
76
8139
78
2
93
9394
38
1167
98
394
79
10
8725
8499
8033
16
6457
17
11
98
41
30
5573
35
34
49
77
37
6168
71
3126
2796
346
5750
9629
65
56
8714
14
19
67
4671
8690
2
1324
1015
60
23
914
6
5
9099
7365
58
81
13
6745
4293
80
6734
18
3638
11
12
96
3636
629
74
60
83
2
24
1
5577
6325
87
8940
93
9668
50
6634
4073
33
8684
76
5872
1433
5872
1161
5661
9948
4405
47
8092
4459
1153
506
3648
1714
7662
47
19
9823
9908
1
62
66
82
844
22
23
32
7912
62
6899
7973
5035
2724
3492
2760
8165
8612
59
29
709
25
7727
3871
8153
9408
19
7
7680
8077
5789
2763
2902
4800
11
30
3834
7
85
1116
58
5460
406
45
1301
62
97
4006
121
1911
4082
5038
2030
4567
5709
7472
64
1928
4262
8617
96
3139
3160
89
6370
6368
8
8814
67
55
94
46
37
1165
9408
62
35
6190
5007
68
11
741
3854
4036
9867
1446
52
7850
7877
6169
5290
6
5360
7
1841
8077
391
4
10
8992
46
80
3057
1496
69
37
43
13
81
83
20
1790
1533
32
6835
98
26
42
1473
94
53
90
1865
3618
9138
8097
64
1088
9060
5577
89
8
50
34
4
2547
921
7456
6733
61
2567
23
4423
9934
54
22
3031
9210
9901
851
76
23
1405
1943
49
8815
702
91
42
51
1710
85
33
22
1948
27
7
4127
7632
7776
86
4730
71
3997
79
38
5433
57
34
7043
1344
30
6041
3941
1388
3999
64
18
4
9563
175
10
7301
86
6481
60
6757
81
9819
31
57
1964
2205
7671
93
5997
9389
435
13
5326
42
9867
53
54
53
87
89
36
51
75
1568
1288
2612
5947
5308
831
5542
35
5761
8100
14
5467
3986
5513
9345
36
27
9255
3560
25
35
9263
26
44
7676
7875
82
47
2773
7791
6
75
1212
743
1504
11
7943
5021
5794
68
5577
6601
23
177
413
19
7908
53
9868
3114
1526
6564
77
5923
3517
2184
3330
12
2840
8515
8835
6
65
4363
6805
91
3287
33
6963
8212
231
1570
7068
9215
8202
3750
4175
15
41
89
3107
9261
9089
789
53
84
87
8832
51
79
53
6566
3724
89
3596
48
90
5994
6941
4
5279
67
3323
5685
52
1876
882
8238
27
67
50
1242
9503
2960
3179
60
7
6615
52
70
4829
94
39
75
2476
14
6297
6897
100
55
3198
3268
2304
4775
34
8220
9653
61
70
2813
20
3913
77
9402
2205
6
29
48
23
62
42
5
880
2948
6864
2051
29
5251
13
483
2335
66
4875
57
43
3158
3406
7913
22
6429
4995
5
6831
9281
9859
43
4745
8375
93
57
89
30
78
1538
7
45
87
8762
3407
4359
1954
5314
707
68
88
8714
83
19
29
1
9917
80
1236
5786
4
3118
78
256
6
2513
22
4759
28
5035
13
78
32
2681
89
23
3421
2502
66
5
1657
45
60
7312
5126
1145
51
3749
60
5673
7110
68
3310
62
11
1586
65
3907
13
1
98
5
97
8102
12
10
93
59
215
9021
67
12
48
8
97
80
3790
3609
2355
90
92
87
67
2
42
153
9689
488
1033
7962
7950
7897
3205
96
93
84
80
45
64
5882
6393
37
10
7826
84
64
4158
19
84
21
41
8616
4351
89
16
40
18
2258
6706
9729
44
38
4486
77
3774
42
17
8
76
27
18
78
50
7909
23
10
2551
56
9970
4152
3117
49
86
4018
3304
83
76
14
8882
25
77
8061
23
100
28
5047
98
5577
33
18
6463
15
40
1
49
2115
48
1
2560
1360
4840
7203
95
3
7901
52
88
5451
75
9242
73
52
72
4168
14
5
2216
843
9821
37
85
5
4317
58
6195
75
5518
497
1644
3
89
25
3433
1
95
3811
5
4263
2654
5006
3562
73
2191
8966
9716
1
7135
74
69
7011
30
7592
19
7906
6833
42
1938
9141
2943
97
9466
10
62
12
18
4836
80
3771
9783
2772
2887
9890
84
2473
85
886
1
6093
85
4007
95
6
1078
58
76
55
4781
8
9128
78
4583
1069
65
67
9405
634
3485
52
955
79
2
84
2
9636
18
23
72
9655
76
10
45
54
70
15
75
3016
71
557
2059
257
66
30
58
58
98
35
93
89
79
8
44
14
71
4237
352
7561
29
8564
23
76
75
3824
1040
59
8800
6965
6564
4138
76
99
31
69
67
728
9625
6565
9403
414
62
91
11
20
17
3081
20
7027
54
4797
46
68
38
6445
1560
7723
5705
9839
8461
78
9859
28
62
1030
2311
6
5397
41
22
6673
6716
2732
46
83
44
70
54
65
3729
6380
5
67
8700
48
71
5034
1
3327
3418
35
2108
78
31
4063
8398
3546
3995
9998
90
87
7542
46
3610
8842
6292
8285
4268
82
93
8038
6213
509
100
85
59
6858
5127
15
13
87
3022
5935
446
7771
6543
9439
2591
16
8065
1045
13
2605
2802
41
6578
5576
9468
51
62
4
3
4430
32
1634
62
1714
8633
97
69
50
1520
87
9808
23
30
4106
8
65
44
44
4269
5093
2773
3330
71
4869
100
99
1469
15
9468
5502
4265
7331
14
3263
74
97
6914
6152
4
49
30
457
88
7131
28
5131
5849
1
84
264
92
2884
80
22
4024
23
52
2880
5270
2978
2724
16
48
6619
59
1316
5591
9415
3824
31
8941
4641
83
4648
43
2181
3140
73
76
3
1782
84
143
82
8385
93
53
86
5845
93
1326
5367
2595
4
33
951
62
2401
81
3298
8013
73
60
73
1763
55
2290
67
37
3285
54
4304
6912
27
68
12
7207
6308
87
182
417
43
1794
25
74
12
22
2414
5427
48
9
20
95
4702
6785
33
3170
7063
6347
185
54
6815
29
3841
35
5561
7939
5021
8125
49
26
8653
2246
41
9454
8518
9531
80
93
44
6756
58
86
8306
203
4175
51
7492
7154
50
31
50
8780
5655
71
5602
7735
38
30
19
336
88
1939
70
95
2462
1111
91
8559
8447
3634
643
31
4094
4041
56
86
3331
9886
87
9987
1037
7308
5072
6313
3376
79
5265
24
1195
1423
22
2738
2935
3529
741
4969
86
5467
84
4522
428
32
8781
66
20
63
9
2676
85
1812
8396
1599
47
6033
43
9472
65
86
27
96
59
24
4592
9641
3
38
37
6420
75
91
52
100
67
5647
52
6107
8955
6379
68
3927
187
4809
70
44
49
651
7061
32
2052
3786
94
72
4845
60
4774
56
39
83
1643
47
1
5
7397
5470
25
1977
2579
4795
25
99
73
8389
34
37
97
8938
1613
48
67
3344
3229
4196
9870
6193
2422
48
64
81
46
55
48
1716
8713
90
9483
7231
99
40
1312
16
80
6539
51
46
44
8
16
30
51
7425
4029
2552
4173
7785
33
2
27
95
99
84
3
3024
46
92
803
30
1273
9464
8962
9387
5351
9386
24
4875
99
46
566
18
5436
2
714
4243
82
6425
7153
8874
8898
196
84
8802
50
7137
8941
81
6750
9332
6382
83
95
7491
42
62
82
33
4966
5170
4699
7400
791
29
69
71
91
34
6272
6411
64
8360
87
2713
22
5066
5709
2089
75
77
85
564
1
95
75
4028
4
8499
58
8638
15
43
3777
1122
36
77
7486
4
8855
32
91
13
6110
22
31
55
9
3054
1715
91
23
12
20
69
74
2301
7137
65
8653
94
3829
81
12
1815
87
75
69
283
2226
5890
6182
8342
40
3643
39
8912
6729
20
42
71
67
6567
3
8479
3
715
92
50
1659
942
60
2027
8196
4721
19
11
6674
49
77
9076
9899
24
64
1806
61
44
1320
87
9
5
3849
3493
1661
20
876
16
5
36
93
75
3231
31
28
33
9619
6774
7985
1
9925
7612
2328
71
84
43
9140
8693
5145
2519
6457
9346
44
1974
4536
61
85
5817
64
11
75
1832
8633
4865
7
7815
5677
9428
2190
13
53
23
94
3807
99
8492
86
95
31
90
82
7602
69
49
311
6406
79
68
5745
54
9
7521
63
9683
67
72
5500
39
27
3869
3
5870
4452
9567
97
93
76
42
7832
2858
14
16
9858
60
38
3065
8556
87
62
9714
51
6913
5769
8972
8529
45
81
9897
56
10
90
6533
7881
38
48
8830
995
33
1951
8728
9683
4099
35
5172
37
17
369
4704
7007
39
86
8544
5508
280
76
100
74
1960
47
7095
39
81
9874
947
92
54
54
85
80
50
5122
66
7365
25
6670
48
80
64
1
7111
34
63
5628
93
8916
9312
3902
92
93
2463
2759
6162
9617
49
56
777
48
7440
29
88
68
77
2551
4010
90
12
67
51
94
9993
2986
4750
74
21
45
78
13
4730
7478
27
6797
2426
2599
4411
88
2006
96
7601
43
8638
7786
41
9
9493
8395
7268
32
42
4435
3987
1844
65
63
63
55
56
734
47
9381
1951
83
25
6964
69
1639
8451
27
4202
4
2
13
73
8489
5148
55
100
39
17
81
1988
90
12
61
5055
73
10
6665
4548
82
59
52
9930
8898
6075
6585
9907
928
3
50
21
75
14
61
7256
301
65
50
1786
2955
2471
1710
99
7463
9
70
7756
6258
38
95
86
52
2264
50
9675
10
3812
59
13
73
17
93
23
1127
5825
89
31
3000
63
9059
70
42
2571
6450
86
4189
2960
52
8767
2993
1
5
42
74
20
12
4560
85
4
63
65
72
8
81
96
82
500
9813
5323
76
43
5230
90
6930
45
1137
2424
347
76
223
9392
7833
23
57
80
99
8056
57
45
5194
1835
83
1791
62
41
6620
9969
6881
5938
10
7076
2954
79
4
5350
8141
5064
77
8300
267
32
72
88
8030
7635
75
5596
40
9369
10
2315
5651
4755
80
1774
72
82
74
66
4416
3035
72
29
13
37
59
12
91
93
83
5
8933
5821
6720
91
5119
7
76
3032
47
13
1036
9663
59
72
6841
9809
1055
96
2861
3301
5658
7728
35
73
61
55
7219
89
6961
472
5215
93
8428
31
6854
9
10
56
1508
93
5908
9134
18
31
3197
7830
5301
13
43
2823
28
4732
59
1150
59
89
4806
74
29
4501
5746
5073
29
152
16
3959
5230
6787
16
8969
46
4119
3677
84
100
38
54
7017
81
9542
410
68
8528
7085
1923
8365
77
80
46
73
63
5
97
86
9344
6309
3064
2
23
8529
6381
21
5322
82
1912
1529
8128
2915
4
5567
59
9
22
65
6693
4
3447
42
85
339
9748
36
6311
43
340
64
3937
23
36
62
71
11
4140
26
5312
32
43
9357
92
78
9673
4695
5464
344
9277
38
97
50
1820
32
7383
5379
72
8500
4164
4
22
9135
4948
7
2985
52
7730
5539
11
1
1219
98
5070
75
6896
3
35
7220
75
55
45
73
59
55
93
3765
98
54
51
5472
50
9117
1
49
5346
83
4
62
7656
20
5083
1923
21
8875
5572
94
10
8867
7399
3861
30
80
9768
4688
6687
63
25
79
10000
9464
1950
89
404
961
6024
5610
777
1501
44
5896
12
81
4411
88
86
77
44
69
2017
47
9765
53
40
15
29
81
1597
17
68
4415
2561
24
53
3565
40
6626
2
38
64
5337
9080
91
9149
2689
9175
6803
3560
926
19
8960
12
5447
3959
92
4123
5260
2434
46
22
12
2239
40
8920
4396
100
14
8869
6
1770
7698
2852
4750
23
49
53
47
9052
3764
2
4772
2597
76
4046
95
4542
4216
18
76
51
9994
95
26
6
12
87
2934
8793
97
26
31
4703
87
82
2250
82
6864
876
6279
3418
6825
2946
9732
1
5
1976
59
37
179
7553
7621
1754
40
1074
7547
25
8966
14
7865
5404
5
6058
4162
1829
609
8624
6394
7251
19
80
6338
100
22
66
1
4507
22
1049
5918
1549
57
73
3814
69
6518
89
37
71
65
55
91
4338
8861
6367
71
2900
10
9297
4539
61
5381
47
85
1682
7179
66
1440
9772
8
2253
14
814
84
7031
2247
42
37
2
5107
77
53
73
5
60
49
30
8639
5
88
4350
6429
1610
5591
76
8628
4149
2
30
54
6341
8621
1440
52
8731
5729
4655
51
7205
58
4
3231
39
33
3119
6051
27
9
10
3057
3491
34
5491
8166
31
4632
22
1270
80
4702
9242
36
68
5314
3726
6843
100
58
95
411
88
7224
6711
5746
7264
6333
1
9
1609
619
8794
2463
8322
8548
9285
7622
36
98
4985
23
9976
17
9127
44
279
80
28
1
3696
9699
57
85
8774
9757
28
5286
97
7616
7084
72
8026
9503
7946
21
94
7326
26
73
91
6724
89
6
43
23
8060
76
4567
13
2124
41
917
539
78
6
1216
5270
3853
38
2427
5563
1510
84
98
68
3258
7533
76
65
8946
26
8445
3988
113
2215
73
97
91
9285
3796
7880
9429
12
42
5329
2612
6926
63
89
1904
7990
5106
52
1399
2741
3227
9867
64
22
7170
2
342
90
44
22
80
2
54
21
86
36
21
3904
28
8438
9235
52
1584
2067
78
54
9294
8979
4882
52
91
5164
40
387
80
7645
8082
7
7674
9854
398
9991
6452
7626
71
79
49
89
33
8531
5831
7920
5277
99
6739
4
86
7722
83
87
19
6889
68
6489
8543
35
4224
40
11
3304
87
57
72
8298
21
52
76
79
6744
35
2523
1323
87
76
5748
21
9499
3727
99
1936
66
1
17
7987
59
7338
9744
25
75
87
151
41
43
2297
38
76
65
87
9398
31
44
6063
34
29
41
2526
64
68
82
83
4144
31
42
7453
3
1425
45
80
2
2598
15
335
32
97
65
64
27
5
21
2129
282
50
4958
5871
9597
87
7190
4098
61
70
3409
1
2363
4863
18
67
6782
83
54
5
139
18
3415
9018
51
99
68
5513
6423
79
6363
88
2433
67
9040
10
1187
945
9610
1806
75
14
6404
1123
2986
15
62
2038
89
66
91
8332
9256
39
2929
9336
3598
6923
2167
88
42
7
67
33
25
1065
40
4106
6780
6325
453
5449
173
8181
60
5727
14
1536
40
5020
12
2701
729
56
73
23
6543
56
67
14
12
3966
1015
4206
1956
6014
13
29
4
76
62
4793
73
8220
67
77
53
51
99
6241
74
41
6
64
7548
9758
6718
9
5170
3874
2
9512
20
8702
6632
26
73
5538
47
102
6262
8129
3820
19
1405
7910
54
76
615
795
45
1981
10
95
42
9447
2
7
8278
5202
47
32
94
3869
30
50
273
15
91
377
8585
38
51
7
20
3370
31
6881
84
8445
6864
5790
88
9703
72
2229
7024
2075
55
8351
5009
88
90
13
43
208
5820
66
29
4
66
21
77
6419
49
29
4986
91
2650
9125
18
72
53
3322
7920
72
2337
6195
8
29
1798
66
99
46
53
30
1530
7675
7058
6759
98
6034
96
20
5715
9948
13
9116
19
7138
4431
4385
5029
13
52
2948
7415
2844
7192
2342
18
2930
2
59
31
62
40
5280
51
5197
8359
7899
34
77
3699
8608
5569
5938
55
1918
25
64
5193
2922
97
3947
79
2220
96
20
9642
6566
1232
40
30
12
3286
31
8383
23
42
6098
311
198
4075
6254
69
82
4012
9413
9098
5810
93
61
3964
8617
53
79
3932
50
66
68
25
80
4355
88
2446
5437
7679
84
7828
134
6778
302
98
5097
9280
2223
7
53
43
6845
100
24
95
7470
69
3849
100
73
8452
2011
5012
82
60
1121
6869
85
6930
84
93
59
77
97
3051
8
68
5031
9492
2612
73
50
60
5109
2863
62
3675
9851
98
8826
67
250
220
9860
81
1376
4
15
90
52
6086
547
50
4228
2817
8191
5578
60
28
1607
7686
4774
1966
39
1581
8780
7182
2479
21
8030
1845
39
4903
2915
6823
70
22
99
4167
4901
7920
95
74
5569
4487
100
85
9735
86
8246
93
9837
76
7132
25
17
6691
76
58
48
47
5
15
6992
5340
6431
26
14
74
2596
6377
66
95
3519
8847
28
58
3014
95
58
4192
88
99
57
34
7232
54
23
1576
1356
48
44
21
61
38
4363
7380
22
4980
7541
26
63
87
53
67
2308
233
3055
2776
94
51
40
3
1798
52
1115
100
3528
51
2596
5316
4879
81
3443
49
46
77
1984
8597
17
63
7500
46
1924
39
80
36
2340
7665
8276
5340
18
96
6468
1191
46
7857
7970
221
20
41
81
51
79
4
14
8766
36
9
40
56
86
95
15
40
70
6091
7949
5437
75
13
658
2579
2731
5688
84
44
5386
85
2237
13
4498
2022
1
82
2276
79
70
97
89
33
751
1358
6738
54
5
86
7
1555
2410
455
184
731
4043
96
52
53
14
22
19
45
91
78
96
63
70
56
94
334
7014
32
1875
8152
35
56
30
7118
60
512
76
82
75
20
3767
81
30
47
9593
5984
5038
9137
6567
46
5352
59
3
93
37
1976
3397
50
83
6909
3080
96
768
362
6516
7363
39
2916
5405
47
8562
52
4191
2285
8636
77
10
9174
5819
34
65
61
4666
2301
7875
7
689
7825
40
67
87
7778
174
1549
6468
67
9452
2
5
309
88
15
6
16
8096
3474
29
934
5546
57
57
86
42
544
17
1921
4
5368
21
9410
7296
63
9
67
38
79
6777
18
65
31
1880
48
2298
69
50
2435
70
49
9515
54
11
5774
2823
58
5175
85
1464
6605
5
31
80
24
8478
2033
7408
82
59
52
79
5030
72
3254
6543
90
71
8876
1133
7830
75
65
4066
3894
22
3
78
1267
45
6574
3879
5258
402
6603
20
80
9090
1065
65
5852
8837
5565
64
84
75
31
10
85
7992
46
2031
544
84
62
7521
24
68
8001
80
84
2105
6086
3884
1808
2522
5498
187
49
45
8530
55
81
2530
6435
8
6005
88
83
5238
45
8182
6374
97
6897
55
6858
6910
25
5228
3253
29
4612
17
1616
6
4
39
24
65
15
17
86
57
17
50
59
6109
98
4643
6318
33
48
47
98
91
79
92
5559
37
69
1115
91
22
65
71
2565
14
69
12
1143
642
28
9861
54
18
42
32
87
52
3940
95
18
72
8543
60
43
2855
35
40
9
69
9903
37
5779
81
8369
9164
85
73
41
3551
7
3224
91
878
8201
8035
75
33
71
21
30
1
21
55
6
9550
1760
5
6038
600
3368
13
74
52
62
7281
30
92
4
58
5
1626
31
9851
2176
8748
5951
8032
182
92
2685
26
4934
6902
7649
5960
1490
595
84
171
83
6463
6987
9789
424
28
81
71
95
9627
85
77
25
9428
10
6992
1740
7417
10
8809
4266
56
35
7869
52
8962
6238
7304
63
65
3920
322
93
15
4
9080
81
62
57
8575
1088
74
48
41
4160
74
1954
89
20
27
2763
82
4549
6084
78
5505
978
1045
62
60
9963
86
56
6953
8
4371
5718
3323
64
1532
5361
93
2617
181
90
1206
3614
5994
91
7952
96
51
21
1782
4578
4281
48
73
5127
18
824
1268
82
6923
60
9344
6522
5427
69
92
5971
2396
9129
61
22
5296
56
4781
7994
1428
9820
1914
59
6326
27
89
2
6127
66
5304
35
4390
10
61
1480
63
6
34
29
9035
86
7378
6138
2418
7216
47
150
5607
92
89
5056
479
1996
5271
3668
4381
48
98
1615
6497
4127
96
3572
3758
9303
62
5681
8024
8
27
1193
70
2575
6914
90
65
78
96
9789
7538
45
5197
4684
6274
5798
94
8573
8628
6291
25
59
62
9303
42
4378
44
92
7706
7
67
50
66
6256
88
7067
9093
7223
82
85
7487
38
2802
45
6590
36
52
9075
3408
4705
2596
32
70
93
9292
8849
100
85
67
16
65
9963
11
4792
2664
87
12
73
4
53
3724
28
93
70
66
650
4980
20
5325
68
77
7966
41
6004
44
3146
9569
78
34
58
47
66
7
7325
9453
95
7020
7764
1711
3889
16
30
93
6328
43
42
6592
63
1297
9611
93
62
2008
2024
93
3426
2271
6528
7433
74
16
92
21
5252
3239
40
85
86
60
5525
39
61
9765
5353
63
27
6518
5198
68
88
4119
5438
3410
35
44
223
5771
4
2
9
5186
2360
94
8522
42
33
6048
31
3564
91
850
75
9019
74
2913
9428
82
7958
968
60
52
96
2035
95
7972
24
3352
79
23
4751
9631
7455
6277
5958
1930
9576
80
34
233
1288
32
1385
37
1530
69
35
4043
3320
46
4650
1285
2096
2826
20
21
28
9732
32
7603
9051
4892
2603
83
83
1395
4230
48
33
10
87
54
24
90
1252
4307
4369
3575
86
4247
20
6
92
59
57
1981
2574
37
5243
9680
24
4375
1058
7606
1672
28
6708
14
1929
4171
40
35
85
5546
7681
9315
8813
9216
74
51
12
8
47
74
6023
52
82
3858
72
9
6641
28
4
1322
2269
7178
61
8582
683
26
18
7033
30
270
8591
5934
41
19
25
8
1963
51
99
6470
60
74
2353
9332
45
878
76
1
2030
6062
8161
2256
55
67
2644
8807
60
17
14
7068
16
53
87
4958
5928
23
48
7434
2235
2917
95
6583
2240
3474
6
6445
74
286
3614
81
27
416
38
2081
98
74
76
2194
5510
9473
9999
815
2
318
5965
7
8655
6571
8067
8402
9022
3
3020
31
94
4433
72
7751
4551
2182
608
3544
26
9551
52
56
7
7333
8381
49
40
5991
1084
3963
3512
79
51
94
2
100
7057
38
63
3392
36
57
2608
27
4730
17
415
66
5784
9916
2
8005
6306
60
2286
7351
8815
49
77
4110
85
66
1367
2498
3265
2
7123
73
14
77
9419
3928
37
24
3409
3309
1827
9959
751
90
7203
4376
17
5
23
52
4485
6286
54
6382
69
2427
15
78
88
49
7790
34
9450
6926
91
7279
31
8
6021
69
29
1403
58
25
77
1184
25
11
15
1967
91
7199
5908
9719
8362
5989
42
93
1142
34
7110
80
51
787
90
1324
2731
4716
82
3716
55
29
16
2711
349
4846
2910
11
5
6997
2942
28
5330
45
53
4670
7123
2926
38
38
86
1279
4497
78
5122
8132
74
47
15
80
7914
91
1147
15
4890
355
6614
3887
2
8149
4196
2341
7192
7717
82
5282
25
5500
98
4822
25
3422
97
810
4597
2635
842
2014
4
24
95
3520
32
592
3596
3873
46
8
9297
15
5348
3104
3972
10
69
7843
4
22
4772
8797
8894
97
4867
6629
70
3390
45
2811
58
1550
7320
49
7965
475
4437
7015
8919
17
4
77
6673
89
80
2313
9665
2720
66
4840
89
372
3154
3418
4441
8453
87
7222
97
58
51
77
8771
93
5826
31
6998
99
4336
24
3790
6095
6930
83
9201
9088
77
5471
81
41
8581
12
8659
7894
4871
8545
4909
5964
7643
34
52
4601
2945
3
60
85
1971
20
1351
2448
7216
36
7
72
99
6614
7121
30
88
6848
546
77
86
53
6800
61
3973
6981
98
69
2836
366
24
7478
7114
9879
51
87
4166
87
27
50
5748
64
63
35
2200
93
7964
76
58
77
66
2604
24
64
8967
5350
34
1307
8
61
17
3252
65
39
55
6363
816
56
22
3
2639
28
93
67
81
1431
5056
56
17
92
4324
29
6070
1683
32
8403
3148
4573
4400
2785
100
850
7313
66
824
5
9214
80
6907
13
38
80
17
53
43
73
2961
64
83
2129
98
84
6839
4803
8934
820
5058
31
3860
25
80
85
31
48
23
30
59
54
9595
60
88
4
8132
35
3120
91
98
80
9480
36
3627
57
77
39
80
5382
3118
6
9
5900
76
16
9859
1145
86
88
75
45
86
26
79
90
2252
625
5
98
9831
4
55
37
32
15
6823
66
8
6602
59
568
9579
80
64
85
4993
13
97
2916
3155
5142
50
71
98
37
28
9553
472
1490
60
96
41
7597
748
12
4301
4882
7191
46
87
5787
45
350
1776
4791
4269
100
28
272
9693
3210
9196
8179
3800
73
8407
71
6628
377
20
93
9677
74
3820
8401
8917
4483
6083
92
67
9206
5813
810
3549
58
5476
8873
2757
66
6220
2219
5388
9
4089
18
956
97
94
7
5517
7408
61
21
21
8609
9642
50
9056
4013
9082
9208
490
9355
77
478
440
5592
8687
2412
5308
86
7824
71
6289
1395
2463
9285
90
7751
38
9463
4400
51
48
2709
7224
131
2013
1
3844
7693
344
77
2069
8588
54
77
8260
13
24
77
97
6368
39
5474
2748
52
78
44
57
6866
18
49
55
23
76
9778
721
95
2137
4288
4440
29
7
95
37
5377
30
1673
28
76
22
5232
598
4619
33
470
5854
9379
64
8198
15
4016
24
9994
27
9
4545
95
4059
100
15
3595
9156
7757
5435
6268
79
20
74
1224
42
67
11
62
26
40
94
7
55
28
67
11
1964
62
1767
1140
10
9887
100
2111
488
82
9324
4760
7
22
17
9648
6445
80
3911
13
8357
78
3674
52
8567
1786
15
87
6153
9737
79
6654
3655
5392
39
9595
56
1750
5480
4126
3875
5578
35
14
49
9013
18
99
5292
9
9388
2062
33
2490
90
4791
43
58
51
3926
5360
3392
70
81
6380
84
46
6790
69
6182
5372
48
4832
6223
157
6891
37
705
24
98
29
14
35
1394
39
8044
4845
3644
21
51
27
2202
8719
2963
73
8
67
49
88
283
4552
6234
68
5243
88
7442
50
6316
59
9705
5843
7060
5366
5911
4836
40
7040
67
35
94
3912
73
76
9897
37
554
9254
4201
68
86
26
34
57
5775
6828
98
7520
6949
2505
929
32
655
5656
30
55
9568
95
22
1178
13
4291
38
8008
6992
2925
77
34
5988
89
47
67
2739
59
2139
6
4144
55
36
6084
58
56
2058
62
9982
6731
69
3279
9397
6616
6039
8835
55
32
98
9411
2849
3
4
2
5419
6642
7457
66
3986
8747
68
82
1
8188
7809
1
43
52
52
7997
417
8757
91
37
5182
9385
1614
4
26
4614
3103
1824
1657
8882
35
67
5090
2
27
6094
4752
9764
9
52
1280
3307
37
7021
9527
92
68
98
56
96
4317
9433
1157
9727
2236
92
7094
7105
9072
26
3348
7418
4454
57
3514
6018
66
17
8937
1
44
5018
17
3620
37
6314
5021
72
24
91
108
27
6181
8711
6057
6190
9679
79
8473
5314
9623
64
12
31
52
60
8522
73
69
27
9977
85
4768
4992
454
4216
62
1783
3
9402
2572
4218
95
84
28
19
8344
8697
5258
76
34
68
1494
44
1862
77
5119
5749
35
38
85
6321
10
8362
48
99
58
8706
67
24
8874
536
484
4786
6
7227
6291
83
2803
52
9970
7852
50
32
21
8552
7713
100
32
1766
2459
9814
33
7559
41
5
82
2092
84
3601
5472
92
4373
80
6152
7677
6477
3
3171
73
4542
5902
4958
57
7602
11
90
8429
36
93
17
1744
5670
8440
52
25
43
44
28
4496
9
6
79
15
25
40
3882
19
3360
95
6238
5514
93
42
46
2533
50
42
28
29
6936
26
7597
75
22
8667
709
7746
752
3767
89
8976
6358
20
5473
83
7005
8071
3
75
5990
73
3023
72
6
54
81
2479
7841
3592
23
6326
2451
31
55
5266
180
2270
38
64
16
986
7079
8770
59
831
56
25
97
54
19
62
7148
4007
6
49
3109
36
3864
19
78
9067
32
6745
61
6530
8617
6500
84
53
8203
4350
657
7741
2392
80
85
51
2367
46
1039
11
58
88
935
44
8871
21
75
730
1547
82
826
84
19
7920
28
93
33
5498
67
73
59
9504
63
60
37
51
2512
14
96
7949
40
8737
67
10
32
33
3723
2677
9000
6228
8
6893
33
9039
31
8929
5322
5962
74
7901
385
9853
21
56
79
488
67
98
1250
6832
9569
2
17
1169
9404
2693
85
6966
63
577
86
3041
9
15
9583
65
86
4494
94
5
8921
70
83
9353
91
1873
78
385
48
37
9454
52
29
61
2259
3901
4043
100
79
6651
6726
2856
63
2598
42
38
146
4240
7
1427
30
7
846
5644
7472
29
4991
3660
9717
6941
208
64
16
5893
6874
82
3090
6826
15
7150
8947
1195
1828
1458
5444
5962
8885
98
4494
6714
6303
7
9912
38
189
82
90
21
6871
38
39
67
526
240
3960
55
4903
83
63
5158
5849
2128
2
1507
96
83
9782
10
4428
36
72
1283
35
1500
5042
5923
4924
7972
41
3362
1190
9578
3786
8336
12
90
770
8
71
3422
7821
9456
2422
2675
4876
1
64
8051
1274
49
67
84
18
22
84
1
109
5104
31
56
6817
49
24
46
60
9522
74
3921
2
6341
6960
4456
7274
59
77
2259
9
3903
29
56
3735
4944
6434
9079
41
8034
3408
4454
9053
85
1254
68
8863
10
99
50
66
2339
4841
12
24
1758
4584
96
34
88
2781
98
19
85
7175
1874
2070
82
65
13
80
6
4687
90
87
8784
4218
3435
8861
81
3797
3161
24
74
3481
10000
8439
2840
5667
1486
8677
82
34
289
73
95
5383
6398
18
2702
1707
2009
4314
50
4
35
21
3705
54
62
6
27
23
58
49
77
4469
5277
6
1634
2412
3006
7939
81
10
1009
527
50
86
47
1948
44
4022
6854
2343
91
94
3301
2077
13
49
4922
6296
60
98
3336
1425
16
7323
7
50
5434
63
832
9813
5196
99
8952
2584
85
6877
7917
2
5
8372
4147
2969
94
777
36
96
76
5088
2519
85
4926
8680
61
5697
75
1378
14
3816
6474
8697
43
85
37
2135
11
72
6977
6776
22
57
47
41
36
89
213
3837
61
9353
1509
22
2862
2851
6462
8508
48
34
74
93
6377
3167
61
954
2313
747
5244
53
20
15
23
36
63
7653
17
3798
6112
53
2001
25
52
20
798
37
9400
38
3696
37
8811
1379
9621
4219
3528
55
481
6808
79
91
77
68
77
68
7525
98
6356
3749
4096
50
5402
75
2235
7990
68
87
5723
45
94
1107
28
14
48
3949
91
97
4839
51
73
2103
39
28
5352
91
3220
96
4712
10
7584
89
61
61
2941
94
966
154
3
9420
3723
30
2033
84
6478
1059
95
1909
8248
48
4822
51
123
3555
2788
37
2729
7036
7164
7412
93
5708
150
24
9415
78
45
3462
284
4758
2500
14
46
77
28
5
2699
79
500
80
1628
2406
7373
4269
5813
2642
7264
1109
1593
8582
6025
75
9565
8778
7
96
1145
2539
22
2054
6294
7153
74
4758
3114
62
6
85
5612
7877
41
1413
8
86
96
6945
1331
5021
65
2237
2097
3332
690
40
37
3957
19
52
3523
35
7608
57
48
78
1031
2560
100
6082
6199
2465
22
4987
21
39
9089
3818
21
1334
5588
8746
9135
525
4
4365
25
7081
3282
4099
3
82
52
7779
4
75
4450
8742
36
5492
54
45
18
69
96
22
994
65
25
3
1323
7932
8818
1
8056
1474
21
79
9565
92
667
24
4012
2251
3141
2701
21
2068
9196
67
769
92
83
82
439
90
1138
12
7510
47
5037
83
97
22
63
23
4
3406
67
735
7857
94
2
8796
8083
29
635
95
7039
78
2911
8683
36
93
8
1105
191
10
30
5317
5650
87
9270
49
2788
1057
44
6042
68
52
3266
34
53
5590
50
3210
218
18
4623
76
4952
99
1
3114
7986
1251
92
43
91
1097
42
75
59
64
6949
3920
74
7891
3842
47
5823
28
1195
65
47
1564
98
2028
86
49
4253
80
85
5121
6239
77
1
37
74
86
8476
68
46
4239
3770
97
6796
9935
2036
6096
583
27
3
94
4436
8278
72
9753
51
5033
77
6380
8353
7108
3
50
21
21
7536
25
6526
91
70
86
7775
4806
73
71
86
18
1593
4
9
7767
1
711
6763
37
1561
504
78
8758
29
75
865
32
9190
2914
47
95
56
56
58
51
93
8
76
4177
36
5317
23
8980
8327
4630
29
5418
77
7666
3370
631
5861
15
33
7684
3873
58
2106
3273
4126
9767
9
18
1331
63
59
39
6706
96
215
8042
5490
80
88
54
81
7
2303
4
41
96
8961
79
58
1
76
4
6423
1467
73
6681
9127
656
6459
6809
2275
7290
37
62
12
3081
21
8817
3730
4281
12
1679
7757
9236
45
15
14
3103
7793
95
33
7838
19
3
10
1301
87
100
9631
28
18
29
947
59
40
7789
3
3984
5967
43
90
38
2986
79
10
30
27
51
15
1709
74
32
13
24
6812
3613
8406
3404
8133
9288
6007
73
1711
5482
4924
21
6536
44
45
3420
4695
8971
3723
33
2931
5698
6753
5165
94
43
3488
6593
4554
1350
88
6103
4835
7
59
27
922
7817
57
31
34
62
2019
4
6
904
2437
3893
34
7026
41
76
77
3074
21
52
8495
1750
55
282
154
27
99
14
7891
93
53
1856
29
8596
68
15
7346
35
2861
17
7
6153
641
69
5741
82
9755
6613
29
35
16
93
2742
7720
8355
68
77
25
58
62
40
98
20
22
3577
4907
2
6790
97
79
510
37
6426
9103
54
4296
20
28
4656
4936
13
2
2178
4
5116
128
4066
5817
1568
8935
99
84
32
5209
32
51
65
188
6647
8
5021
94
1060
3651
99
4
42
6988
3931
6355
3240
7191
8733
36
5967
2857
76
1521
970
2752
655
36
4
45
74
25
9014
29
8955
7727
75
7186
7973
65
51
32
2970
9675
20
39
7321
598
9481
5233
5941
51
63
62
56
53
8
20
9538
6540
6479
7
6748
5967
49
4851
3532
4836
51
6929
82
3579
3851
6388
18
2310
69
3145
7626
1836
57
82
9975
86
7758
2794
6599
82
1665
65
9659
44
1263
91
4645
360
58
78
51
9648
6374
8852
13
1
33
75
4216
29
62
31
5501
222
2431
3400
4424
3009
71
96
77
2029
60
46
7286
2674
582
9334
990
50
3287
7053
1809
64
53
3474
7230
62
62
3261
60
65
66
4
18
16
6832
7
683
36
82
62
90
62
5435
412
4786
5922
1486
83
1815
9169
7795
1914
81
84
913
40
5530
8090
6903
5923
5869
94
8852
1
9599
67
3403
59
682
75
68
96
90
5410
13
85
1981
57
57
95
878
80
75
88
96
3147
2526
1383
52
29
75
17
42
9041
3542
28
4925
9979
84
4
8
45
5610
9726
59
56
26
4
49
48
91
95
1783
47
8
84
86
15
18
34
9869
6836
2227
8199
795
73
25
4987
54
5310
8426
53
5223
6876
83
34
5
8919
20
1327
71
6997
7815
38
4914
20
93
81
54
7
13
19
99
52
7484
7515
4
43
66
7444
91
9517
58
8663
1754
95
3900
1790
7243
4826
8558
3844
5077
6511
5754
3821
8678
44
7550
27
3233
55
6940
6
2
6
4599
6872
80
50
90
43
82
59
62
4109
2778
62
4622
98
1766
6403
3705
84
34
35
78
8426
2759
10
54
66
40
2
6979
36
8528
1356
1630
34
9578
67
46
7
8246
18
84
3653
22
40
722
6
18
9330
35
8
73
2017
72
5044
8505
5623
611
54
99
4474
1479
7089
82
1536
32
20
89
14
8261
1241
53
10
6646
947
70
74
2
413
5467
4853
42
8181
2635
95
7760
3807
2936
2311
7230
87
4165
3957
31
43
7594
41
14
56
81
67
4
4401
1900
7272
4975
97
2251
16
7388
7
78
5907
38
9113
25
2283
5524
48
41
6
43
75
78
8968
3560
7368
4251
898
44
4022
2896
60
33
6
8365
1625
3389
95
19
7507
3186
9361
3075
9041
9406
74
18
9174
40
65
7866
76
7931
87
1770
2433
2
98
53
19
2521
894
5513
21
5629
22
2171
38
6712
9055
6191
42
27
80
12
5266
4532
6729
27
73
86
49
8
20
72
70
8109
98
11
9304
61
89
4293
4991
5749
131
1816
49
97
9932
1509
6994
82
90
84
1662
39
2750
28
23
8906
49
4
7788
39
17
182
23
19
5874
54
2436
68
7412
6772
57
672
62
32
3364
8061
68
4592
1209
8162
4098
59
25
52
5496
37
6472
41
59
4835
2646
5
76
78
32
5153
3506
214
6836
3957
6979
9480
93
4227
4
38
5405
721
9
91
9190
2652
91
82
2965
95
12
11
47
74
2843
7756
100
93
68
8038
3915
71
61
30
6302
3454
8090
9074
91
8139
9290
67
576
9
1739
68
36
28
541
8816
9370
42
1689
5757
94
4
60
3151
73
8664
5768
42
8178
3667
8757
9741
69
3839
6639
71
9359
1424
7124
3739
2174
2949
13
61
9
69
8599
916
6018
71
33
10
4388
7275
47
162
5371
6090
24
36
12
34
3652
1666
63
54
7
64
77
7054
3382
66
2375
7898
1595
94
81
9307
4247
87
2136
7264
9
2847
37
57
17
36
96
6863
87
85
63
58
38
9616
735
86
84
14
90
37
9744
3
3189
1507
18
5865
78
88
385
18
2027
70
33
3687
9120
12
3689
4892
80
4134
1563
89
188
76
45
60
86
37
61
7269
28
16
77
78
23
25
4770
1503
25
64
1916
74
5530
7
9565
4891
8
16
76
82
67
6518
29
3
1620
5152
48
89
9753
1804
7587
16
2946
67
99
66
7457
6658
1996
6107
94
1648
2659
19
59
4524
2615
59
86
52
56
1855
3938
19
92
2488
71
5526
7764
4527
55
7361
3
33
2811
41
26
22
2925
570
4379
93
4987
4693
23
3
5825
524
31
4897
52
5301
32
9544
2533
6694
71
25
1809
50
2375
8729
67
1365
6840
5731
18
9717
9477
5446
31
1040
74
3192
6395
4194
1946
4341
4208
316
31
9796
44
44
17
16
3489
9433
3631
6608
9955
82
4978
44
30
99
746
4323
31
8816
95
82
37
65
82
20
9844
67
3726
89
7753
6149
1166
16
8847
77
2696
6374
6122
48
42
27
9680
73
22
54
4887
5791
3
4459
3572
58
44
82
24
66
3072
365
2338
4568
6
7562
60
9649
6511
23
208
65
7985
8465
12
465
1732
2091
1043
578
2277
5
3965
56
9332
38
8263
62
7473
6
7847
29
18
6574
37
20
2979
53
2306
82
9654
79
3137
4345
62
1439
7626
34
6652
1205
24
63
85
8061
4926
96
8550
44
5629
12
7991
8964
2123
87
77
30
5312
60
67
2516
34
8480
96
25
77
44
18
7921
9276
5104
9199
45
69
6816
75
2987
100
9889
4188
4791
20
5406
18
6184
6552
87
45
9261
1907
21
5906
7561
4012
9520
2231
6319
23
11
41
7019
7922
95
42
4262
8
2756
47
3437
42
9321
89
2601
92
95
7604
70
50
99
5
2270
20
345
68
90
53
82
99
6641
54
87
4882
3408
89
3729
3080
53
1715
7103
8313
7751
4342
94
23
44
92
1708
63
3361
89
87
4452
8976
17
5056
2925
6284
59
6987
3472
88
7853
7084
49
8566
3769
36
3822
8778
64
3873
5946
9947
34
22
4490
9
37
5693
9715
65
58
70
4843
699
115
3035
77
5385
8639
6311
23
1657
68
98
3291
1
4619
580
79
97
4556
6466
6922
47
3111
4370
90
72
49
54
6961
100
6437
1584
71
8433
90
5083
56
42
93
66
9643
6961
55
1189
6
7273
3329
30
4
1669
1887
9323
5997
51
12
8635
23
966
2187
8828
2892
21
526
8350
6404
32
26
6970
22
64
44
8497
1133
7782
2798
8082
8455
4065
21
95
5063
47
63
44
56
83
92
33
11
77
1322
35
80
98
3844
44
3268
4263
9
876
4316
9728
5539
1600
4104
6279
3865
53
62
33
3288
14
59
28
2181
65
2386
3957
25
4185
72
10
94
5068
91
11
8773
2325
30
3134
680
2505
55
10
767
9739
86
89
57
2714
36
77
4521
4009
3909
100
8493
93
97
77
5841
27
5672
31
27
407
26
1835
47
7986
662
34
1954
63
95
5050
82
119
52
1469
4503
1441
71
7915
28
3473
56
1985
4054
6504
94
93
38
724
6522
7858
12
87
35
669
67
27
8
6738
76
5809
8973
41
7155
7876
33
4201
8093
16
99
2515
257
4108
1252
22
75
8678
7382
83
5419
6
7187
19
2476
45
83
37
8745
4860
44
3147
100
43
56
43
7792
3378
21
46
7264
1503
95
50
66
14
950
1873
48
7211
95
7847
7695
1989
65
43
3947
6971
9445
48
50
4133
4543
1154
16
66
5661
2015
9075
1610
45
86
26
60
100
62
27
2084
28
4570
1637
9
9436
4150
54
7
6851
8031
7412
3464
39
9
4
5000
7548
3466
6487
4041
76
64
4868
48
73
58
47
8031
1717
29
11
46
42
93
66
421
3956
9731
50
8096
6417
8
9983
5587
9
9610
5676
41
52
2499
22
9546
8947
22
72
257
7242
2243
9971
6874
9758
2935
48
3174
32
77
7607
33
30
99
9714
64
7644
45
95
43
5748
75
82
57
55
3019
29
4569
3807
1
7446
647
9782
80
365
1140
4771
6025
50
19
6833
64
1292
3522
3750
92
11
8172
70
9065
41
2431
6306
93
255
393
4324
4
6926
2097
21
41
9538
56
96
5753
2193
3237
3
550
137
1211
5885
3943
87
9813
5190
1663
68
595
2492
925
5576
60
9545
9643
9785
7
44
36
24
536
9717
5131
50
82
75
1257
62
89
42
86
39
35
4810
243
71
7449
6480
8166
8614
5
18
6347
8079
6186
8017
6077
3465
76
54
4730
3926
8845
5596
85
8478
63
8800
73
73
2796
33
163
75
8730
83
3186
6
6903
44
63
9246
2336
433
6802
1353
5168
8205
5
55
6063
55
80
77
37
92
3590
81
100
8
48
9184
2206
2197
510
91
95
93
2
1
9946
3734
8838
12
41
48
8
5439
7273
7717
62
7145
7681
192
378
78
8636
3475
18
4920
29
9707
61
2619
2563
75
49
77
49
5091
39
22
4194
7
12
86
84
6333
430
8316
61
9588
1296
4558
72
40
5387
12
64
93
8350
93
8462
2897
1435
7365
4973
8771
97
4118
9959
1552
1867
24
69
73
6225
16
4216
2447
6443
35
5306
3782
7457
2228
3672
2185
6856
4936
129
24
37
4518
38
7568
4983
87
2942
9167
87
88
58
8940
66
8227
283
7
4034
7970
77
8688
50
7806
246
60
32
13
4505
49
874
7
9951
20
89
28
56
99
80
2600
73
6158
78
8833
2214
8863
99
41
7471
5
4459
36
1
4777
3523
8430
67
2080
15
3164
60
25
3934
2710
96
3028
2222
817
2251
6065
39
3
2922
8876
60
78
73
44
1260
65
7674
4125
3655
4346
1896
3964
6483
96
5938
89
6338
1475
33
4544
81
23
8224
8
1671
81
79
22
2619
6006
6277
100
2504
1598
84
3414
5313
19
90
11
8081
9254
39
6551
2810
1388
6181
100
3848
6
5276
7761
39
6409
7430
17
1693
80
5531
82
6069
20
6474
56
63
8218
69
903
82
85
9673
1678
9734
8743
6
9021
83
9565
87
67
5289
3320
1774
2081
94
62
9449
1075
1097
3472
4539
7659
93
6592
7
1781
11
9022
4971
1781
8001
48
5
5573
85
81
30
22
9464
89
7724
19
7196
6533
68
6
19
118
792
58
9567
9778
56
66
44
56
98
8
13
7617
4
3560
89
14
7624
88
6156
4566
274
22
2948
9213
6327
95
71
7887
2840
35
68
7989
64
4046
63
36
71
1343
5572
5318
34
7030
36
81
9851
7800
61
3885
2843
97
379
2329
96
2019
40
2520
4856
8152
19
7699
2175
7
9
3001
24
3910
93
9568
29
2202
1912
890
61
70
10
24
1631
6386
8458
29
7802
34
86
5918
33
65
4957
6530
711
9319
5
43
9463
31
72
6528
89
5808
6730
89
19
6
3
72
3281
3727
21
94
36
8493
59
7555
7
67
97
9391
7171
96
72
99
672
6080
28
61
2514
100
6944
8254
16
9984
48
6713
6328
6450
8907
7455
2704
8186
90
6346
2616
33
35
4794
7450
26
95
5450
40
49
1859
6
8935
45
1079
2928
18
8
67
1789
8039
28
663
1272
835
3
7060
61
986
5400
283
4580
3911
635
24
844
3367
63
5937
3734
327
86
9554
4
36
31
69
5634
92
37
72
5166
26
25
9
6883
91
683
7382
159
59
7676
7287
7781
3562
1
7084
16
59
6040
82
5195
9323
84
5387
9988
79
56
23
36
9420
6177
58
5987
55
35
8456
89
7659
6436
56
7150
75
4408
41
4
62
2808
2855
28
28
2679
9713
54
64
15
89
68
85
31
2252
9071
29
86
45
65
1684
72
4951
20
77
6183
48
93
86
360
3702
6818
8307
6184
95
28
73
7663
9991
10
2944
6070
45
8
6620
92
4677
6034
13
46
330
18
21
25
2069
18
16
6596
3641
71
41
5662
71
55
18
1440
2153
42
73
39
3282
15
1835
6928
93
79
18
74
71
40
5947
3664
10
23
1011
9140
7253
8022
3015
16
1196
30
97
211
2
3283
8115
3495
2887
66
7965
9662
100
100
3312
54
54
71
60
1109
23
9
63
64
81
757
9477
17
34
552
91
20
51
6834
6931
8581
58
73
97
6654
19
3914
92
5539
6725
3463
4535
958
6990
4537
3791
4024
71
879
118
5309
15
85
41
69
45
5351
12
72
1909
1
6445
24
6
36
864
7496
54
1407
33
38
18
7206
2130
8635
89
44
63
88
52
80
5716
69
2054
11
80
509
87
100
2545
3187
7094
47
38
47
1455
2677
1345
6112
45
6814
4290
24
33
9778
2810
5601
4774
8369
56
5764
33
9264
6086
1557
16
8208
70
46
11
6199
8726
3689
408
1174
75
47
20
3802
621
68
8928
789
9872
9044
22
3872
92
66
92
4704
25
7927
5577
74
8093
7742
98
5110
7710
2481
5126
32
2548
14
6878
20
661
179
8485
53
28
51
60
6327
31
44
4449
22
3105
2498
2591
55
5694
98
152
9217
6479
18
43
3827
64
4507
8093
2935
7
5325
66
5
26
1174
4723
8390
78
69
56
59
9237
34
8413
4800
121
64
3105
60
7214
5674
2015
39
6611
37
70
18
35
9807
39
86
5
101
85
1291
5478
92
65
4433
99
9723
30
77
54
5458
217
753
1475
13
77
8335
18
571
98
63
2442
18
9165
6271
5825
62
73
2790
6667
9750
6365
49
595
5620
84
67
4463
7032
2529
59
694
16
5750
7890
51
6076
38
8458
7151
92
39
353
58
3151
44
1473
24
645
87
3103
181
90
7346
6
31
83
81
993
35
45
7114
44
833
6564
84
6186
5934
56
4936
3315
1146
85
4785
6547
2666
9765
4635
63
8756
42
4490
26
9702
8738
9898
1264
91
3024
59
43
31
64
39
2791
40
27
72
8
46
2502
8500
5871
14
7949
4108
9
1944
496
4709
36
6801
8251
64
50
6904
50
6768
36
1
698
6119
25
54
394
4396
4323
32
10
53
9
744
8639
1497
76
2792
4658
5424
5235
59
22
9140
91
90
1429
3756
86
54
62
8075
58
5
12
93
2942
2051
2022
17
35
6952
34
73
44
96
3242
1023
6454
2962
6962
90
73
88
2847
10
69
7697
23
3098
83
3580
97
5091
64
34
96
9831
99
80
75
5933
44
9599
11
66
4894
67
2160
4867
5481
2647
14
399
7054
6
42
10
46
5459
4
3219
30
40
7471
476
43
8485
9131
3520
922
5487
21
8864
87
66
1
2315
84
5557
905
11
2710
81
97
63
8065
79
62
569
4396
7689
5
23
686
211
2620
4455
56
4479
1
3543
62
2288
27
16
1
3520
85
69
7243
8147
6187
6366
44
7062
9
8426
3679
3347
11
203
4316
1
302
5511
7
7752
1910
4029
18
5831
1308
5934
2783
34
6086
14
7709
52
8853
9353
3
6786
7631
7729
2717
86
4991
2429
6724
71
14
72
7753
56
2698
66
8706
2893
53
7041
6928
47
9390
3018
3667
1550
77
6460
9
77
97
941
98
72
6800
42
5169
68
14
61
96
41
5
80
6090
4672
67
7598
932
94
5137
8571
9
8571
5419
1629
4875
294
1563
59
85
13
9
1261
5
336
7061
76
47
49
1255
9696
7971
50
83
6072
89
2405
1550
27
30
46
7392
79
1342
1834
42
7597
2558
5
18
8970
88
9418
6
38
1622
9198
93
3
84
128
12
4708
75
62
7165
6685
9193
75
8515
87
9191
9653
49
74
812
98
24
81
5853
80
13
6296
4
10
12
32
9311
7604
37
7912
3239
7574
9692
85
1257
94
92
3716
38
246
3090
4819
13
8324
4491
5007
2
709
9
84
9950
7429
43
13
100
46
4
96
97
86
40
9358
44
2751
72
78
8
43
9828
3839
2018
5056
9969
71
98
8822
5802
5580
96
28
70
30
7475
4
85
97
5895
92
2587
3428
30
66
4434
87
348
53
9605
55
3629
99
6083
4844
3881
9
4016
34
2681
9
3629
3859
71
1160
3
83
84
2462
82
4703
84
3365
10
2931
4455
100
72
6079
5
9247
2861
36
59
66
86
7463
6123
2971
34
785
9655
18
35
28
19
9033
7501
38
7256
5854
9600
1303
80
6068
53
42
8
5686
6452
1676
76
89
2127
50
63
63
26
3
42
3624
70
32
41
82
10
7878
82
3141
77
4611
6
8194
3772
54
81
67
3129
6759
12
79
680
8688
553
84
7000
7
4415
72
30
45
2251
1402
4246
3087
1735
9705
6650
3372
70
7618
2822
38
17
94
8165
2147
4737
65
84
9
91
13
5091
41
92
1744
5715
28
47
8277
48
7602
7111
47
47
3324
15
22
19
3515
80
35
83
84
1961
66
3499
3455
3891
20
40
47
53
2303
5295
5567
9
74
6786
1453
6630
87
20
47
7190
83
3545
3326
25
5012
4723
6844
83
194
8106
7326
8563
8380
75
4984
59
7072
9437
3053
96
7418
1
8700
41
3799
6631
2876
61
90
7732
9
1720
17
680
3500
4560
87
6
2784
5122
8597
40
7018
12
75
4891
6899
507
7716
5273
8716
4013
30
87
6069
3204
5950
14
45
73
28
12
5416
8979
4800
76
5242
3633
78
64
91
74
59
990
23
9328
24
411
1460
70
70
72
47
9348
8853
42
94
42
73
48
53
3233
4362
48
8929
1721
57
47
4395
49
76
61
638
69
6025
16
8318
78
27
7012
3980
929
1300
3309
38
86
397
6774
5542
35
5222
7177
50
35
7355
4863
9770
97
6066
38
2407
58
26
12
6408
646
748
8075
9393
51
4258
1528
6000
95
73
98
3302
7218
152
5850
15
6091
6251
6969
56
9594
5979
75
36
1
44
10
8700
7048
7867
3992
91
2200
86
34
7963
55
34
16
38
16
2373
81
5635
2806
4678
5217
1697
4492
46
7005
126
280
8
47
8818
9858
1862
58
39
6444
52
7001
1244
76
61
1160
33
67
91
4425
8463
8598
40
28
4923
3145
64
1903
54
28
1211
85
64
63
7785
94
17
69
42
75
98
1270
2
8318
66
3394
534
49
18
4014
44
86
8962
6212
60
5722
34
59
17
36
43
63
78
408
56
3120
5509
81
7104
9
5
5053
5561
12
32
5517
4
8914
1153
79
2013
35
83
22
46
6130
55
740
7538
46
62
7568
3845
791
39
4118
7378
8872
4268
92
2475
88
4282
9811
41
75
9902
5791
7272
29
4458
43
88
2758
76
55
83
1430
455
6875
17
6093
5152
9822
51
55
4576
12
2484
20
71
100
79
8217
98
11
9865
22
9030
8622
1171
91
7667
44
5
9
74
59
59
5886
50
14
20
73
3
83
8
6044
5666
20
80
27
46
48
8057
57
8144
1676
9204
4430
63
4875
42
3109
8870
32
97
9670
49
82
10
177
42
62
3664
1
34
55
34
3992
3934
52
1345
13
3681
9274
66
4823
3072
11
3141
5336
8735
7887
8526
26
5283
9698
28
3296
5933
2336
94
3706
59
22
6851
99
11
42
7709
64
3336
6878
73
6374
73
73
7739
7333
13
4533
41
3831
871
92
8424
1567
20
118
30
94
13
20
5838
56
371
656
22
5544
6746
51
58
14
3863
77
7730
79
98
4659
73
62
14
31
1022
7940
84
5
6
9520
7632
3684
58
95
5282
76
6409
7905
7920
6849
8721
4630
92
401
4240
88
4
3763
44
1013
54
41
21
89
6088
2773
7639
3698
5963
8259
5057
804
645
77
12
63
5821
5
822
24
85
15
3627
100
6082
38
1
4
3777
2274
45
52
69
89
4550
7773
8108
2707
24
47
13
68
7707
6828
86
23
9891
1
1082
4109
8240
99
6419
6803
49
9953
6328
82
1761
7319
934
3537
7554
9295
5248
2703
85
18
67
9926
33
20
56
1158
9720
79
57
62
74
4
6541
6247
12
77
7417
83
50
6689
9
4574
6
840
4412
7223
3
32
24
9600
22
6671
3969
6772
65
86
21
15
14
38
56
61
548
7047
7286
8117
3616
24
27
2077
54
17
55
50
53
23
6604
6416
85
8787
9204
32
36
3531
3821
2
10
22
72
70
1338
5986
7351
92
75
24
2034
3915
2525
1202
49
3885
85
60
7951
2267
24
9747
6938
63
3241
16
45
9721
7903
99
5811
63
89
3
237
4
6717
3
71
79
3
96
39
7169
6235
28
9931
4880
33
5066
4942
8269
8108
5359
9684
8609
9799
73
91
6263
66
72
62
43
70
6021
5981
9988
39
9982
10
132
84
573
29
99
94
99
3209
2377
79
2160
2317
1957
2703
4054
99
8915
8
18
5137
7872
6630
98
7579
341
24
9071
12
1393
8840
82
68
962
5001
4626
1189
29
51
82
38
7215
4583
4602
4009
2833
7278
5
83
6846
58
30
1625
9
6014
6122
6370
70
9687
29
11
59
1473
7559
2378
1747
13
49
81
42
4990
57
5137
