9300
144
44
62
141
119
243
186
161
142
11
127
7
75
104
217
114
38
134
241
194
56
39
117
177
142
183
114
16
182
229
34
74
245
111
63
208
113
141
189
183
158
142
176
116
191
6
53
247
221
84
214
165
169
111
172
106
176
134
248
185
130
170
229
163
227
54
11
214
42
9
1
146
195
59
37
164
112
2
236
137
131
117
45
98
15
118
154
135
188
206
33
229
143
4
54
238
163
14
138
137
244
88
206
212
83
68
220
111
75
9
243
175
148
112
55
13
126
131
148
109
149
125
27
85
226
22
4
191
6
48
1
99
113
99
142
43
160
83
15
197
148
44
61
179
212
107
81
31
199
41
113
32
115
30
237
119
62
121
235
61
64
29
106
27
8
144
63
49
220
12
103
44
117
201
210
106
65
97
122
120
190
223
242
215
185
219
234
83
111
23
230
40
97
203
133
120
187
35
171
68
44
33
60
187
187
70
165
164
69
131
55
215
248
116
121
90
36
140
91
39
160
230
188
198
31
63
196
163
68
91
169
30
175
54
76
158
163
56
28
116
55
70
14
229
217
16
41
230
83
43
84
47
193
133
158
64
95
112
156
125
123
3
97
228
212
25
40
195
40
212
177
230
113
225
234
91
216
208
230
16
23
216
80
25
8
122
87
43
146
13
64
52
149
153
243
52
223
36
17
193
225
95
190
121
116
104
184
218
149
67
97
136
132
141
102
156
172
72
220
91
188
247
49
28
149
126
81
210
231
182
118
180
191
38
40
177
26
209
158
154
188
118
144
80
165
177
169
8
51
87
130
151
65
176
5
228
47
163
222
240
23
223
237
216
199
166
194
95
102
174
131
213
163
67
153
70
104
219
113
221
206
73
159
145
53
216
115
16
33
61
131
113
237
168
131
214
131
177
130
248
233
75
156
126
206
166
237
248
23
184
125
77
50
1
35
199
64
93
164
232
51
178
62
41
44
19
226
245
186
188
189
176
89
114
237
131
167
34
188
136
228
117
242
98
185
54
63
236
134
181
151
39
14
147
197
55
14
115
83
187
190
242
62
85
245
199
237
185
14
153
33
31
154
28
4
184
185
213
106
240
205
240
112
5
38
151
163
191
167
183
118
52
201
2
196
236
55
158
103
236
66
127
223
230
148
120
135
235
143
14
119
50
10
92
232
200
130
58
48
95
36
46
19
80
35
230
80
153
82
18
129
28
111
119
174
78
17
131
106
167
16
178
49
154
64
68
43
109
19
245
107
247
111
8
200
20
109
143
195
168
41
232
153
126
134
92
189
141
168
154
183
248
201
130
79
108
247
114
16
217
188
220
134
87
161
131
166
103
168
155
218
124
186
188
126
34
26
172
20
222
129
151
191
114
63
108
47
230
179
93
22
244
127
228
229
70
98
67
215
4
175
87
222
13
186
60
63
13
5
45
83
76
95
44
88
38
30
20
24
53
85
186
173
75
133
223
246
207
209
56
186
208
206
17
47
43
178
178
178
3
45
34
226
135
11
196
150
84
140
192
40
79
43
162
168
239
163
148
130
212
63
106
54
198
109
124
119
79
246
46
109
102
91
21
8
52
209
39
65
187
74
163
67
18
17
108
166
44
98
58
129
31
49
216
190
189
230
29
26
137
77
72
87
95
83
188
237
22
155
117
31
124
84
192
138
150
39
37
182
1
207
75
230
189
166
78
53
125
81
69
72
181
13
177
110
3
76
222
184
78
120
145
139
231
28
6
197
106
78
40
150
193
97
26
179
3
91
148
178
6
135
113
190
86
45
99
111
156
83
136
75
67
102
104
131
63
185
248
162
161
130
197
47
42
168
128
85
237
247
108
161
178
44
178
192
8
204
54
186
178
144
42
24
192
215
84
92
242
144
117
67
92
235
18
125
188
66
148
168
167
15
124
158
224
224
146
24
173
161
123
108
132
63
234
17
89
173
104
77
85
37
92
93
130
41
69
192
26
54
5
191
56
136
20
163
21
133
49
217
69
60
168
81
22
10
185
30
2
2
37
15
212
72
83
131
173
31
28
184
155
204
247
120
157
182
52
246
43
72
246
205
125
136
8
25
118
12
72
121
105
40
191
25
17
240
229
234
53
138
239
240
105
115
63
115
62
48
174
89
208
189
236
180
5
81
140
76
64
58
13
162
208
157
79
116
13
223
104
166
202
68
193
155
82
6
101
11
74
143
212
71
87
233
163
166
53
11
20
186
101
154
170
244
125
78
33
198
36
196
102
89
194
8
136
140
245
82
99
248
230
129
2
171
96
192
75
225
243
163
64
3
203
167
66
49
147
199
30
4
223
152
224
127
42
124
126
79
97
23
170
220
162
21
206
221
152
249
149
183
4
57
204
123
133
100
135
27
192
87
243
47
53
96
25
78
155
125
130
222
66
246
128
221
242
93
90
182
211
95
147
148
50
96
1
167
197
102
243
191
238
100
137
10
30
124
167
67
246
128
67
28
120
177
117
7
179
233
130
41
10
203
66
97
190
95
246
206
95
108
130
53
131
188
233
216
109
119
191
119
175
24
186
83
29
120
29
123
229
243
238
214
221
203
182
35
34
40
70
184
127
211
221
138
248
14
146
181
193
151
148
60
42
12
115
236
17
233
69
70
67
124
227
102
120
166
81
178
7
198
182
70
49
7
242
214
52
49
85
15
223
97
179
78
96
178
173
210
88
195
19
51
221
249
118
3
233
120
18
82
182
218
175
244
218
79
11
35
20
150
184
218
148
54
96
220
194
149
7
192
242
121
90
61
180
132
98
50
139
239
231
182
31
3
83
6
171
185
110
18
167
138
190
187
12
50
152
168
154
147
58
84
114
76
89
62
128
115
65
86
230
211
145
30
169
2
188
146
221
91
50
10
39
239
25
105
181
152
49
131
230
180
146
241
181
147
69
205
163
22
128
56
121
25
37
205
242
160
19
11
112
7
197
64
98
49
46
124
51
234
131
225
67
184
106
51
66
154
99
23
182
232
232
200
212
243
139
15
202
70
112
21
134
39
19
224
233
83
144
133
102
194
154
178
140
152
239
187
168
236
140
89
62
245
78
129
24
246
101
105
160
31
172
231
122
110
91
28
165
132
67
233
11
215
171
238
79
55
60
61
5
202
97
216
179
24
208
139
211
140
201
236
231
39
222
71
23
173
57
31
61
211
22
37
169
157
79
96
74
90
51
219
187
40
100
208
184
206
52
99
152
202
67
26
181
81
2
221
243
100
215
155
247
30
1
43
180
61
47
23
195
112
65
122
89
231
49
192
188
15
137
67
121
208
128
109
144
246
105
88
155
107
103
223
124
145
221
158
40
58
28
123
159
29
153
40
137
195
186
199
33
60
33
228
213
149
34
40
151
141
149
184
205
209
118
88
10
91
248
194
11
140
152
131
236
14
157
92
55
89
221
198
60
156
56
96
75
125
11
224
111
181
8
148
158
94
168
200
161
66
30
47
197
242
188
142
157
151
241
199
242
191
235
63
170
200
124
50
153
22
14
135
81
24
83
80
133
5
223
143
96
207
181
238
59
175
2
68
217
164
189
173
133
61
231
169
195
195
228
208
220
119
47
140
53
145
215
173
159
109
9
152
178
99
104
35
11
246
4
245
199
56
82
238
82
90
2
20
42
163
134
188
27
15
172
226
160
41
186
163
209
78
159
108
156
37
245
35
207
197
158
198
191
233
9
165
37
59
58
212
143
196
131
245
225
70
126
163
176
127
125
220
61
90
36
121
146
223
83
46
95
217
63
95
5
185
247
44
6
8
190
102
233
223
20
13
196
163
133
86
161
82
108
80
73
188
138
101
197
138
19
63
225
13
118
176
134
37
241
41
73
83
157
169
187
23
236
88
70
23
174
233
91
247
134
14
109
232
23
66
47
146
96
118
239
127
127
221
106
94
129
160
172
92
13
79
174
189
142
50
201
51
31
174
213
36
221
227
128
105
67
151
14
175
243
177
236
39
180
60
146
16
232
226
144
15
61
249
235
56
89
170
90
223
115
246
115
171
155
203
156
149
93
1
27
228
147
247
98
85
92
135
10
83
153
186
69
55
31
199
224
222
242
72
17
147
61
41
61
246
62
65
134
226
154
247
173
231
199
165
118
64
151
150
214
203
160
8
70
178
178
61
140
205
229
183
156
21
234
129
167
107
187
102
24
27
2
34
178
156
13
87
105
115
82
161
72
93
108
63
237
54
220
132
69
2
175
178
246
221
91
152
246
71
248
11
126
50
127
187
202
127
79
164
166
91
206
25
124
69
112
64
162
171
142
114
136
56
33
22
102
73
37
207
65
111
91
35
117
71
35
23
215
171
111
111
224
57
215
227
46
150
55
178
109
28
240
75
178
135
124
71
17
105
86
130
90
122
99
56
1
171
158
54
34
90
98
241
61
32
139
80
90
56
226
202
18
109
98
38
121
16
106
231
196
214
6
111
86
231
21
102
207
160
227
124
241
2
144
20
179
248
15
147
245
45
231
211
128
134
112
230
25
62
184
234
66
177
107
70
84
237
156
79
11
38
123
179
78
103
210
17
215
78
108
122
2
209
235
152
232
45
232
202
120
41
78
146
226
243
59
65
144
74
186
192
93
186
137
208
172
52
133
26
173
95
16
196
203
63
232
107
191
205
87
40
5
204
209
219
209
226
203
85
45
146
123
141
142
165
29
66
72
28
230
181
161
206
29
25
25
131
193
163
11
202
124
188
236
146
188
139
227
167
248
195
99
49
231
27
222
124
55
38
34
167
35
164
225
156
128
48
175
184
194
79
34
41
74
93
23
184
155
245
227
140
89
155
29
35
82
112
225
2
53
151
77
155
129
94
167
209
213
80
18
140
213
43
222
170
161
59
224
139
5
38
218
59
61
143
79
129
135
190
74
17
73
173
131
44
2
129
161
230
175
63
221
75
227
87
177
46
183
108
123
24
137
86
247
16
182
18
95
235
15
39
75
23
6
2
67
41
162
179
168
33
147
244
214
192
67
144
81
223
216
33
196
28
67
51
129
236
176
116
111
233
35
175
215
136
238
198
70
225
21
136
133
4
189
91
126
143
122
55
199
39
187
121
19
232
92
48
206
205
123
81
114
47
68
185
248
222
29
78
204
118
75
105
203
80
150
192
88
226
174
235
115
121
166
73
47
163
157
233
45
190
242
114
103
190
23
87
186
5
93
154
114
44
101
81
214
82
168
188
83
150
209
229
31
137
215
242
130
245
138
86
66
46
34
14
126
210
3
14
58
63
6
83
133
21
122
71
21
86
108
215
244
218
151
145
230
13
84
215
224
30
206
191
117
8
89
69
11
87
204
5
79
155
131
20
144
127
97
10
16
144
221
44
137
172
91
97
145
139
33
114
127
37
39
28
106
65
216
126
182
54
61
184
131
104
136
89
88
131
1
104
166
74
200
81
59
162
55
194
166
241
174
122
54
91
128
43
117
103
163
79
161
220
78
212
83
38
163
33
36
2
10
14
138
179
197
53
87
208
219
193
11
22
210
190
130
189
130
41
226
94
222
234
218
171
193
196
245
238
247
22
249
22
159
164
232
161
233
125
143
75
206
158
133
219
69
140
10
137
83
144
157
122
57
192
30
25
45
216
235
2
58
98
210
198
194
238
112
47
208
218
205
6
147
152
138
64
102
248
103
54
186
108
155
103
115
127
215
217
135
207
116
18
139
142
18
108
198
185
26
81
28
213
179
114
188
151
225
155
54
215
173
46
114
182
65
199
193
107
84
67
24
145
162
2
103
188
116
6
134
31
116
166
223
22
26
223
179
42
164
213
152
60
163
169
34
70
153
207
77
68
165
91
101
208
57
132
51
177
11
1
36
220
21
24
100
7
73
92
156
92
20
151
193
121
165
213
232
242
217
33
35
158
178
67
116
26
66
15
215
144
172
2
31
164
177
181
40
140
70
28
247
62
51
234
48
14
148
230
44
93
149
59
210
228
215
127
42
204
158
74
191
58
126
12
170
19
120
29
193
233
174
93
173
189
36
223
108
193
19
102
127
85
220
122
244
114
42
53
198
50
139
86
231
245
87
189
185
39
65
30
143
119
38
60
169
57
135
21
192
241
20
98
185
56
196
106
88
5
18
56
226
68
80
143
95
88
111
177
103
96
39
69
129
238
208
9
48
160
203
188
228
21
110
206
31
41
150
176
49
230
102
181
22
9
54
76
39
144
215
81
196
207
167
97
203
201
219
197
97
188
59
177
51
80
78
205
207
123
113
54
188
184
128
123
243
108
47
120
185
133
219
153
195
123
241
21
104
14
4
79
71
203
79
111
172
175
130
192
181
98
118
166
31
161
143
12
79
45
103
96
154
100
12
214
219
155
231
178
88
57
102
194
120
35
233
234
106
18
201
69
227
105
188
88
15
54
123
34
229
230
191
59
160
157
174
221
191
114
142
17
193
202
105
125
245
173
46
246
178
158
155
62
94
35
118
50
161
174
200
165
33
198
198
107
115
44
35
212
110
12
43
241
126
184
125
26
1
63
92
91
8
126
106
71
75
130
214
126
39
124
60
17
164
226
234
245
4
247
11
202
139
83
137
167
116
163
186
159
159
93
50
98
83
109
158
157
92
127
33
235
79
158
173
235
201
26
78
149
200
130
22
3
53
140
202
175
238
189
205
161
194
56
217
196
75
212
184
56
69
77
153
126
214
25
123
231
159
151
215
90
86
37
209
30
72
47
45
192
156
232
168
153
172
121
41
24
191
227
161
239
92
22
81
123
226
145
38
28
17
221
16
87
223
116
76
157
97
188
124
28
167
241
149
86
159
249
204
94
233
100
41
182
240
225
248
64
205
86
53
176
9
17
176
185
217
81
179
57
46
134
177
3
103
133
73
100
122
245
214
226
191
194
45
167
180
84
97
247
117
12
202
12
135
198
19
150
66
214
118
78
70
147
48
100
173
38
79
107
153
148
191
210
121
76
234
65
222
9
5
134
234
182
189
35
181
165
117
155
115
172
35
158
127
137
156
45
146
194
244
143
6
239
95
219
70
241
140
59
214
204
177
57
209
234
93
138
207
14
169
8
170
173
242
230
114
34
83
233
170
189
168
29
15
112
129
245
87
220
215
189
26
59
191
160
245
227
199
143
45
18
87
133
26
237
222
82
246
114
106
37
158
157
139
25
36
149
43
97
105
98
52
237
49
229
232
112
232
82
235
136
84
190
189
152
103
36
4
27
139
48
248
223
114
179
31
118
169
166
125
97
184
102
38
197
216
99
85
46
6
111
99
165
128
219
202
218
218
237
171
1
145
17
208
58
99
78
124
120
198
114
193
67
207
139
202
231
152
242
185
4
201
207
22
29
198
84
95
144
226
63
150
182
245
124
201
168
144
230
98
139
225
215
98
141
168
33
207
238
18
221
66
225
52
168
50
187
244
179
109
16
232
229
143
135
214
11
72
83
188
35
87
172
144
47
29
235
110
131
110
166
126
107
127
6
246
174
130
77
75
14
173
215
121
83
156
246
72
212
177
157
211
125
51
233
134
143
82
6
139
64
78
114
69
193
139
126
102
138
138
40
131
244
8
174
111
122
52
62
140
33
164
147
203
203
205
1
56
143
121
103
93
125
188
12
186
60
146
178
193
30
144
184
74
137
27
217
117
127
123
13
92
20
115
107
149
180
160
116
237
139
71
209
17
36
197
6
56
246
238
51
226
123
119
110
138
230
74
67
176
237
134
178
21
109
12
74
11
81
112
6
149
31
190
55
209
185
167
39
189
22
161
120
139
72
37
219
150
5
218
169
107
94
189
1
5
142
188
157
24
124
244
225
135
232
152
195
183
65
151
203
63
35
127
155
77
14
40
199
73
43
173
7
112
192
149
55
91
190
50
68
246
10
15
66
27
186
235
156
169
91
36
85
103
15
106
72
217
34
173
241
102
238
85
231
200
238
113
192
83
97
105
242
16
84
207
54
21
61
129
141
29
133
30
232
7
89
153
97
86
77
88
58
17
58
215
8
175
33
116
38
73
43
74
73
235
44
69
20
58
53
52
156
155
33
213
218
209
103
225
111
85
16
107
7
10
48
226
207
118
199
128
237
195
91
68
235
60
207
246
213
20
133
39
34
25
181
152
233
95
246
49
73
58
5
202
57
186
67
63
188
67
112
152
109
174
65
211
64
215
227
159
2
106
13
92
202
226
74
231
78
145
242
113
122
150
56
180
191
138
11
50
242
144
58
146
158
231
180
109
210
220
89
19
118
88
47
216
45
162
1
80
113
86
234
44
74
248
30
208
118
135
20
175
204
178
166
107
48
117
183
220
47
214
21
108
57
224
244
34
103
90
135
29
137
180
187
157
159
15
72
159
201
221
240
75
200
163
64
190
171
190
168
178
229
31
34
148
65
127
236
100
5
246
106
29
249
241
38
24
240
10
197
33
45
25
19
75
224
196
157
143
160
55
112
163
171
207
50
107
147
39
92
33
28
221
155
205
116
212
76
209
125
41
199
162
242
135
134
205
13
208
173
119
219
94
190
199
134
192
107
43
191
181
126
201
167
165
6
73
119
63
209
13
120
198
18
119
106
200
171
37
74
95
94
189
116
223
63
184
32
206
72
174
105
33
19
194
164
247
245
77
130
61
86
199
248
161
248
22
76
71
94
184
21
71
219
97
87
187
86
193
102
71
41
163
241
36
157
88
180
74
205
108
204
94
156
13
9
145
190
204
224
42
109
210
113
138
153
35
63
171
107
226
161
52
225
59
20
173
208
213
4
161
92
2
116
235
229
177
164
206
88
192
247
132
219
61
212
80
51
103
132
123
25
9
216
228
197
153
119
97
242
86
186
226
200
64
199
107
95
127
159
226
120
107
84
165
229
30
83
165
97
189
123
106
81
131
136
84
35
137
38
77
59
67
213
2
7
21
181
155
111
105
235
173
194
156
3
168
174
52
249
168
70
203
1
54
213
81
146
69
177
116
73
208
90
83
167
54
143
82
159
208
98
177
54
242
204
199
161
175
129
218
159
232
138
120
7
105
67
160
39
175
125
112
227
245
33
27
84
112
238
198
26
93
143
41
70
143
150
9
100
14
169
220
190
209
206
90
71
219
76
63
236
232
43
233
84
235
199
59
209
177
116
49
186
180
193
67
90
97
51
114
205
59
61
26
7
154
172
19
39
193
206
115
36
176
212
43
50
160
206
85
193
91
49
172
147
120
35
10
16
140
249
223
168
212
108
178
172
18
227
179
63
181
21
17
220
2
14
11
218
150
18
179
140
216
170
114
10
138
128
136
120
163
3
148
193
233
196
73
68
35
121
32
183
27
22
13
70
33
202
146
107
25
41
116
123
71
83
202
42
243
168
34
139
91
60
150
178
122
73
236
56
190
192
184
30
235
246
114
194
158
44
227
186
232
29
95
122
137
26
122
151
243
31
75
116
88
142
92
216
122
84
198
209
215
90
166
82
107
86
137
75
219
8
134
199
191
97
157
63
214
28
41
96
200
86
62
159
118
68
191
93
154
147
73
74
96
18
221
142
112
14
16
51
139
48
182
235
147
125
175
240
235
30
3
94
44
102
9
130
29
8
213
39
145
44
170
73
185
60
104
173
126
16
200
201
12
239
207
153
154
77
13
243
143
200
108
125
145
228
31
244
10
92
114
105
50
227
156
95
127
109
51
88
21
3
115
220
79
51
82
55
144
106
225
201
244
220
145
194
186
46
178
206
30
110
163
34
152
96
151
35
83
113
26
45
26
174
222
140
85
138
46
94
146
226
100
153
116
162
110
79
82
211
159
82
181
95
59
161
89
81
68
233
149
48
221
32
81
181
176
71
248
5
109
48
249
84
60
53
10
10
168
239
235
73
202
122
203
193
113
181
116
61
52
5
70
63
194
99
5
69
73
184
236
40
81
77
103
111
82
98
35
6
152
79
163
79
247
77
95
100
78
137
69
244
204
187
203
105
228
187
140
211
48
191
187
233
4
196
241
126
19
93
112
16
146
110
159
222
91
241
66
117
4
155
240
186
116
241
85
143
124
247
132
144
207
74
207
210
142
179
75
52
86
219
81
235
25
53
98
94
28
230
14
237
122
23
207
143
201
1
117
13
111
98
2
21
210
217
58
73
153
199
81
162
166
15
32
34
75
5
162
64
144
240
116
143
234
145
23
185
117
65
10
141
62
63
190
237
218
60
25
57
245
26
191
79
150
102
71
108
240
173
68
196
89
54
119
120
232
108
37
66
194
122
206
89
190
189
100
104
74
44
66
15
229
105
68
118
50
37
243
133
75
165
194
193
246
63
53
8
193
70
6
110
23
209
113
123
69
103
139
210
2
216
34
196
108
54
216
234
235
1
71
195
115
154
241
30
177
14
92
127
136
93
160
4
39
206
241
21
242
195
49
197
148
33
131
108
132
248
85
193
96
69
22
193
249
60
244
119
218
83
195
56
11
12
75
159
56
30
158
152
62
196
242
41
201
124
48
82
23
133
147
179
178
149
32
68
71
217
5
229
211
123
52
159
249
243
186
136
208
222
53
102
90
183
131
149
77
231
242
126
12
163
96
86
185
16
128
112
230
7
89
89
26
178
190
189
144
84
41
208
187
162
124
51
81
46
89
244
18
132
241
89
225
128
217
49
27
216
223
234
116
75
156
201
134
213
77
162
243
192
5
243
191
34
189
100
39
46
5
140
176
133
94
98
16
249
114
147
211
142
162
178
110
57
93
113
6
172
166
117
219
177
2
75
127
248
148
191
189
117
10
230
211
83
58
232
230
58
186
135
100
179
200
101
31
77
133
135
191
76
94
117
130
137
171
249
131
20
221
17
102
172
208
94
132
181
216
28
248
110
133
198
236
32
17
40
227
151
45
50
115
13
249
114
23
143
101
75
162
59
102
210
86
169
33
177
221
106
218
99
111
106
136
82
193
146
131
99
120
131
22
230
224
171
152
89
173
95
72
239
80
142
115
190
8
172
112
67
248
89
69
121
182
195
189
10
127
168
170
127
12
3
204
31
37
122
236
165
18
194
5
126
35
229
19
218
240
195
74
21
34
64
100
31
62
150
49
30
231
142
211
6
174
194
227
78
188
84
154
136
186
197
49
54
85
193
87
202
176
220
20
181
94
149
94
198
152
173
219
136
74
206
183
126
232
249
202
91
2
191
31
156
42
187
85
86
15
46
196
119
64
96
103
12
122
30
161
25
101
30
176
15
115
19
63
229
15
173
72
86
240
246
201
235
190
113
140
157
65
8
183
106
226
101
72
227
103
172
4
202
88
177
239
221
16
16
42
23
124
105
72
92
224
111
128
68
144
118
72
10
140
5
210
94
97
70
39
14
196
85
126
93
170
119
247
63
7
229
220
174
72
117
33
209
185
91
131
116
222
5
84
235
101
243
63
84
217
146
125
195
227
28
77
40
228
229
171
106
114
65
62
165
148
147
188
23
222
1
158
6
188
172
42
192
2
141
241
176
57
164
95
110
104
25
196
44
41
242
230
205
169
26
3
157
193
168
88
203
56
41
111
217
238
119
7
56
236
134
38
88
237
245
50
200
220
201
61
123
201
144
231
229
20
202
86
163
170
134
249
84
53
39
120
16
53
128
122
235
18
141
58
156
205
143
217
174
226
53
187
241
107
214
2
161
59
132
197
36
33
94
135
102
135
204
35
199
125
34
147
92
79
76
106
61
87
75
25
127
235
162
186
118
196
8
226
89
37
209
207
170
180
87
202
173
6
205
22
1
108
19
49
193
155
96
162
32
109
190
74
233
108
71
51
121
157
17
155
128
228
196
162
166
76
226
162
242
124
182
55
132
54
24
19
216
114
243
213
101
95
195
229
97
135
223
63
109
37
81
16
239
50
144
23
162
107
133
117
178
183
170
157
177
135
192
180
84
52
84
8
164
54
55
33
34
216
66
32
103
164
53
205
44
166
66
82
160
2
107
110
231
127
36
167
174
38
53
211
192
44
228
57
203
74
102
185
245
111
238
195
41
101
14
14
131
214
114
11
70
111
21
83
195
223
27
37
19
137
108
245
164
105
89
59
185
245
3
219
65
130
87
49
13
161
69
130
113
22
37
210
174
43
141
82
24
145
112
229
47
66
167
109
3
243
32
186
13
204
78
136
211
144
196
189
25
221
71
34
155
147
173
247
100
148
71
122
213
8
36
41
133
24
172
248
213
227
46
19
130
133
118
159
193
150
248
31
96
202
58
52
74
78
75
150
142
170
9
105
172
160
223
5
169
38
3
188
221
197
226
47
176
53
154
22
29
15
55
199
150
41
26
11
200
234
216
56
199
22
107
43
219
191
96
219
159
113
239
155
148
60
59
149
226
11
126
22
173
53
121
127
116
59
204
132
134
212
55
185
72
196
238
199
91
183
78
235
206
184
112
166
25
149
52
90
231
127
35
189
108
194
132
147
151
229
177
160
236
214
85
197
58
55
84
201
72
110
59
44
183
141
66
238
190
205
103
216
7
115
150
8
178
116
77
127
64
92
49
111
6
167
248
241
100
165
109
219
65
100
19
122
69
241
7
217
129
144
206
195
127
210
153
121
65
78
20
192
228
207
137
229
61
197
38
16
142
74
139
25
97
133
152
156
97
29
189
186
109
110
247
170
136
103
234
46
14
128
177
23
146
166
241
108
213
39
61
121
204
240
75
55
5
181
99
243
59
246
25
37
138
83
83
118
209
217
94
208
213
241
3
15
147
117
129
180
141
44
193
58
217
68
232
119
36
193
165
204
5
240
237
17
103
141
134
63
83
124
149
246
195
103
158
212
238
60
158
138
53
168
103
16
54
217
69
71
100
214
83
17
52
139
204
222
5
235
162
7
233
66
97
18
145
197
113
115
160
20
130
225
35
28
152
86
138
221
213
136
72
64
213
119
41
132
194
56
149
185
208
4
148
151
155
236
72
85
120
106
105
204
161
80
84
108
231
25
237
118
85
33
22
27
185
169
103
227
227
13
3
57
215
224
62
127
77
134
122
165
14
53
102
107
31
117
153
133
36
183
151
170
68
31
101
175
231
122
216
235
134
94
108
108
104
48
238
186
19
206
31
98
152
73
105
32
181
165
245
68
17
220
192
45
112
82
239
185
124
137
145
205
167
137
31
170
195
243
4
233
129
216
115
80
152
53
19
244
176
69
244
67
127
149
218
164
152
63
245
22
59
53
63
131
61
76
180
15
42
184
86
187
161
12
188
51
106
113
143
59
64
244
10
55
143
79
78
19
168
117
19
133
248
231
175
76
153
233
19
76
123
4
203
241
232
57
155
115
210
168
58
39
170
187
208
65
44
8
238
232
247
161
97
174
165
203
189
180
87
112
147
122
94
67
186
61
41
18
73
87
173
213
58
1
59
229
212
61
24
111
33
146
245
37
78
211
156
29
76
29
117
225
29
98
21
186
195
103
2
147
24
27
185
152
59
35
104
97
116
186
241
128
157
226
80
2
127
58
238
224
154
13
191
44
219
198
185
210
229
123
35
109
60
126
88
7
210
94
227
43
108
60
163
140
38
239
69
52
18
20
59
138
114
27
243
11
85
141
183
111
100
143
117
242
152
132
69
31
139
74
41
34
80
196
117
94
100
52
7
229
130
133
192
209
65
147
244
33
132
77
171
69
160
117
193
214
193
170
238
155
170
38
163
194
228
25
58
168
160
150
160
34
135
203
231
217
201
157
178
6
137
36
148
62
152
221
123
213
3
152
151
180
63
101
60
92
220
248
230
40
89
76
122
232
167
138
184
207
136
226
13
36
241
233
18
135
139
101
42
8
152
95
166
9
248
230
220
35
143
139
247
203
176
139
166
62
163
166
145
15
38
165
77
27
139
115
188
80
83
175
203
119
206
223
138
243
160
114
233
186
167
149
64
247
229
60
109
103
67
206
221
223
206
28
219
236
18
140
119
133
42
141
202
218
185
128
247
203
2
172
152
50
182
208
97
139
102
80
48
80
7
86
13
126
203
230
163
179
5
151
226
21
245
101
144
27
196
95
62
101
63
156
102
144
55
172
42
247
180
80
135
187
93
39
127
206
128
76
16
205
215
68
198
100
196
131
54
82
64
71
192
7
19
196
18
101
233
118
71
32
188
165
249
174
17
39
178
206
223
188
148
120
80
107
135
244
207
2
198
173
118
210
183
109
138
129
169
146
22
26
222
10
5
233
17
51
69
24
84
158
203
97
108
126
172
72
176
162
61
24
143
232
170
148
164
228
232
140
37
138
119
32
185
198
215
139
115
97
90
85
176
183
168
40
220
21
102
57
187
66
202
8
85
248
133
240
89
107
70
38
69
178
237
195
39
171
161
160
161
34
206
80
72
226
97
210
64
131
177
143
127
175
202
220
185
112
197
187
65
224
50
9
28
53
17
247
196
222
1
49
109
192
146
154
109
123
186
109
151
172
176
208
179
176
161
143
225
17
10
177
224
224
95
186
233
198
52
20
209
100
14
92
130
129
34
184
29
49
112
63
176
88
37
143
49
91
79
101
142
123
22
179
213
73
74
135
97
209
170
160
71
166
149
51
159
85
79
51
142
226
114
177
155
197
2
137
187
202
138
143
120
201
128
87
78
85
128
57
55
148
88
70
128
201
242
10
188
235
233
213
12
28
208
165
9
94
25
16
72
187
198
145
71
28
40
120
39
63
223
74
206
23
245
244
139
45
49
203
205
242
198
201
218
175
131
93
242
212
78
233
61
113
235
118
200
192
248
101
162
122
220
125
13
160
7
239
32
214
27
213
46
71
61
79
238
246
177
146
147
197
127
77
235
239
14
94
38
128
44
196
47
198
42
83
22
74
189
59
168
141
61
28
185
114
188
239
52
156
129
203
16
102
203
214
245
144
140
24
146
163
202
154
171
81
167
97
29
228
57
165
58
118
228
7
136
99
141
121
51
24
42
131
248
90
181
194
245
77
88
128
183
165
162
5
188
157
107
105
196
92
210
74
99
214
146
147
124
197
79
146
3
19
223
123
121
71
155
81
150
223
102
202
141
179
231
142
206
223
68
228
242
37
174
208
63
218
33
35
194
34
71
48
248
191
126
165
192
40
134
118
3
27
205
223
240
9
182
170
232
4
191
150
130
100
154
216
94
15
60
152
39
120
136
116
152
54
203
199
54
67
200
166
90
200
226
215
82
201
218
54
36
112
52
191
92
170
168
149
38
159
71
177
230
231
79
132
140
89
71
187
56
233
117
166
54
25
61
179
123
188
135
143
47
6
116
177
69
195
25
232
135
54
162
144
245
23
186
108
121
94
75
242
130
31
248
53
245
135
137
67
110
238
27
99
25
177
131
224
115
152
64
195
65
89
53
3
72
223
171
31
89
202
59
30
113
142
14
16
8
64
182
183
58
207
122
146
28
63
119
68
141
212
242
219
30
130
178
41
228
245
231
22
214
107
228
157
180
247
236
133
164
115
216
52
220
131
137
107
216
157
225
9
104
103
139
127
210
89
249
232
214
222
38
12
83
160
218
201
229
215
215
31
77
236
154
27
245
191
249
149
242
71
74
72
21
222
168
112
217
102
197
92
248
4
168
192
78
205
218
60
162
186
128
2
191
195
182
118
198
113
132
19
89
100
240
144
148
215
240
110
241
107
234
128
19
123
32
73
68
212
198
40
222
189
237
57
192
73
130
76
41
51
164
104
220
178
3
148
14
25
44
112
214
109
69
56
202
1
233
68
163
109
50
236
165
92
46
149
113
183
201
76
86
165
69
191
192
130
157
90
121
134
60
43
169
86
76
113
121
181
104
191
90
62
163
181
1
177
188
128
132
103
35
80
74
217
27
50
40
127
113
72
93
143
197
29
49
8
68
79
16
182
29
182
80
11
236
24
2
137
190
15
192
30
207
18
99
230
219
201
60
27
74
243
68
33
98
196
115
135
133
243
110
110
113
200
75
103
1
64
231
4
48
153
186
98
130
64
186
180
180
69
38
116
19
239
109
35
114
47
162
40
158
117
5
197
154
82
167
8
192
245
229
156
219
57
228
171
57
220
152
34
11
185
204
64
205
244
91
123
91
41
239
203
151
191
95
181
148
239
193
48
147
178
237
184
89
132
147
212
11
188
227
144
145
128
30
223
162
191
241
160
241
44
167
152
7
27
5
28
212
48
23
68
27
105
137
82
197
21
224
74
97
128
112
152
63
96
59
23
162
121
19
206
247
33
57
104
12
86
178
63
127
120
1
213
165
160
117
40
241
197
27
142
216
168
64
113
181
15
89
160
218
231
116
91
29
67
70
243
49
33
71
111
93
162
196
227
128
149
236
153
228
19
32
214
94
127
239
80
219
193
172
246
247
18
95
145
4
159
184
99
90
124
241
209
127
166
49
55
222
86
235
32
28
185
182
199
200
151
247
152
77
240
24
105
110
74
113
75
68
51
223
219
215
138
64
104
27
73
87
178
78
185
107
133
208
141
218
63
86
145
195
103
162
32
23
100
100
137
99
54
53
224
237
172
112
16
67
140
122
78
173
128
65
69
74
142
133
140
147
219
105
51
238
172
106
121
57
183
115
213
5
140
223
34
126
104
197
185
21
192
74
79
191
9
221
67
38
93
208
130
216
209
240
129
198
2
235
65
66
241
208
133
25
158
73
34
155
31
193
220
194
197
119
204
145
27
110
230
200
40
83
213
225
235
247
45
150
94
85
124
118
133
120
30
233
190
54
34
185
188
162
8
150
237
186
20
90
36
234
172
142
6
114
27
158
245
158
40
160
29
134
61
196
70
103
62
78
90
221
205
222
77
46
13
128
76
64
238
50
228
204
114
110
163
231
113
19
93
121
238
33
14
123
156
55
101
61
81
135
124
191
1
65
29
199
65
210
102
149
83
181
170
240
182
74
20
200
34
88
239
43
234
218
232
172
209
204
139
207
27
15
233
103
175
37
204
50
81
213
167
153
167
194
39
58
113
24
190
83
36
151
28
243
145
81
206
32
82
107
240
111
72
144
123
68
198
67
65
146
120
220
119
70
171
87
126
41
179
175
60
185
15
56
172
125
237
239
208
95
80
172
217
224
223
56
82
23
71
221
109
47
208
44
212
66
33
208
73
58
204
165
103
157
48
55
97
16
222
247
81
208
108
220
66
198
3
145
97
115
6
104
219
208
66
14
227
220
94
107
93
30
167
151
140
164
70
61
177
168
208
66
50
74
140
151
188
238
227
15
63
138
111
207
52
101
196
144
91
35
78
126
171
116
155
51
41
207
80
151
128
192
217
178
156
189
54
146
68
165
75
238
242
79
44
205
168
210
99
40
218
175
219
143
91
83
144
184
169
90
110
231
158
77
136
121
170
183
51
112
47
50
76
176
209
89
134
93
72
199
133
81
108
41
183
203
222
75
87
74
45
120
227
228
56
94
81
166
192
173
36
234
159
236
243
168
99
44
183
2
199
52
113
219
206
29
123
117
143
183
148
95
97
227
68
176
73
98
120
115
9
217
150
149
164
149
171
121
47
15
104
178
141
86
125
243
8
8
23
27
220
213
23
10
25
190
138
182
169
67
96
2
173
68
243
231
151
214
56
58
108
2
70
129
80
219
203
12
102
74
169
65
76
94
144
45
194
141
124
223
12
239
202
230
168
102
5
73
92
143
92
44
202
215
169
219
144
143
180
55
236
127
80
96
148
31
176
80
174
199
38
11
90
82
47
119
50
90
210
227
214
131
169
209
231
125
112
110
175
175
151
51
211
69
237
134
159
107
82
138
176
175
149
142
106
82
203
121
168
51
170
54
183
203
90
106
207
121
114
23
168
66
155
248
49
236
50
21
95
162
209
193
9
73
52
40
231
27
103
150
172
241
192
124
6
97
118
9
229
131
177
38
242
59
219
110
20
151
94
119
33
183
27
7
91
227
46
110
151
51
125
180
18
213
101
177
124
31
243
202
118
42
42
213
234
172
200
199
104
191
20
81
183
234
118
238
214
185
34
29
51
9
107
179
7
247
20
30
208
43
235
239
158
142
2
241
141
63
23
168
27
97
6
210
31
45
247
34
96
112
212
189
246
214
151
110
184
113
207
237
152
170
240
62
205
31
172
41
232
126
98
152
163
115
2
204
3
146
148
211
1
235
183
96
80
47
242
193
241
141
57
29
105
35
16
107
106
194
5
249
122
206
51
220
15
60
26
131
213
196
107
39
214
245
237
166
237
145
231
159
38
229
50
92
70
69
47
128
99
145
99
58
142
148
90
45
185
213
82
20
21
111
229
45
35
19
64
110
48
99
119
211
213
96
212
142
156
209
150
195
14
148
32
69
98
49
146
66
156
193
231
25
64
211
138
177
1
5
57
52
6
187
80
1
26
137
95
47
186
197
138
225
63
136
7
123
79
161
197
235
122
248
203
105
117
95
148
2
208
35
142
151
152
99
190
77
68
32
43
210
204
100
129
208
55
7
211
177
205
15
98
89
58
72
179
7
233
225
133
181
239
93
88
151
56
237
73
214
196
180
56
47
118
236
31
23
119
245
51
111
133
220
47
194
187
53
93
81
169
183
93
92
149
111
220
112
12
227
152
68
184
246
230
25
209
51
221
72
42
157
138
238
175
22
49
20
46
144
214
3
144
242
45
13
87
213
147
7
16
169
11
141
93
232
176
136
239
23
235
136
82
22
39
13
46
104
167
128
63
201
66
118
14
150
173
192
202
217
187
245
153
214
56
122
146
246
145
192
95
162
30
24
159
79
171
122
203
33
217
233
46
20
194
65
103
143
128
193
60
234
184
22
85
239
232
118
215
167
116
49
208
225
33
151
172
43
208
184
228
51
238
170
1
204
199
133
21
241
20
4
119
202
133
110
228
8
188
170
97
53
156
37
166
169
25
71
237
43
142
61
184
193
214
9
246
15
22
130
40
99
98
224
148
113
179
7
93
172
173
164
104
39
88
175
145
202
4
81
180
129
146
227
99
208
69
175
238
125
114
213
236
59
130
247
205
182
138
53
239
18
228
66
120
228
206
146
106
39
114
44
11
190
200
160
203
121
125
189
45
5
18
218
58
209
178
46
158
90
220
212
64
200
92
162
151
80
107
121
3
172
70
199
11
71
203
46
108
219
45
85
57
199
9
235
249
10
9
161
50
161
238
16
69
151
229
60
98
38
10
123
14
5
187
122
184
69
207
237
7
133
187
188
45
135
155
115
192
107
163
141
72
195
72
92
184
54
131
110
91
143
197
71
210
172
71
53
13
137
51
181
53
22
154
167
223
50
220
183
245
115
118
241
125
118
52
68
182
96
187
131
187
98
146
114
185
116
227
123
65
103
102
55
57
231
89
51
42
155
118
134
83
198
114
225
25
206
196
93
120
3
120
167
199
169
244
205
125
41
231
107
72
97
118
143
14
64
184
144
30
2
27
28
227
53
48
238
233
170
89
229
170
135
4
62
232
184
105
137
236
133
175
1
173
11
63
236
80
220
212
211
22
53
64
119
225
93
189
146
122
7
221
204
201
3
187
186
94
56
161
79
208
48
157
146
76
27
105
217
240
62
158
13
208
128
207
117
72
134
87
140
244
209
16
230
162
220
50
171
73
126
142
24
60
133
3
224
145
167
43
199
238
222
156
61
98
208
246
73
45
70
115
210
219
22
84
249
33
176
234
106
226
183
144
115
169
134
203
75
126
233
222
154
91
137
152
23
54
204
133
203
223
226
126
4
12
182
55
39
49
4
192
219
183
187
222
55
78
41
141
213
6
171
197
62
98
210
119
83
119
62
196
78
44
31
132
1
58
141
104
237
80
164
27
123
41
3
221
154
164
97
194
13
64
169
197
53
30
65
155
51
64
221
169
236
58
115
175
152
56
222
247
187
187
154
134
91
145
75
21
95
238
215
168
23
118
183
15
125
83
80
221
243
236
53
174
108
245
40
65
176
78
69
98
192
100
8
76
159
36
107
157
205
44
60
62
98
53
147
119
124
100
51
69
226
2
5
201
134
230
26
96
106
10
94
18
170
117
226
172
111
108
105
89
226
173
16
199
176
240
76
55
98
170
191
76
28
249
122
190
96
56
191
179
10
12
51
195
199
43
142
231
77
224
9
16
245
211
93
53
235
55
26
143
154
220
247
186
68
19
239
170
244
36
77
55
166
175
79
215
122
71
1
133
99
95
228
124
162
176
81
66
157
69
205
42
31
49
26
40
15
115
128
181
54
222
236
41
148
204
99
71
132
128
181
165
55
142
45
60
241
124
25
142
187
173
13
176
81
36
24
118
150
40
201
8
192
69
80
127
108
188
225
208
77
11
184
30
138
40
236
138
4
215
48
140
91
235
243
130
209
61
209
113
180
231
170
93
176
174
222
235
63
168
201
54
148
67
66
177
239
233
39
41
49
135
115
184
242
61
166
206
75
200
167
48
228
113
28
96
90
92
103
213
67
1
76
86
14
243
242
25
170
66
140
225
22
168
65
45
117
235
101
116
8
17
160
113
1
154
75
36
39
220
88
148
130
75
223
48
60
29
171
248
68
142
36
9
60
192
26
61
48
233
229
104
240
237
206
51
90
212
86
110
168
207
235
200
228
241
95
197
194
17
234
88
65
102
48
115
230
152
53
58
128
15
237
56
241
233
157
143
118
173
207
97
193
61
80
111
156
86
31
68
97
79
116
32
248
141
40
138
189
91
71
188
159
28
232
154
219
180
209
245
85
202
80
22
60
137
144
5
23
187
209
144
121
235
211
50
149
206
57
100
194
19
204
27
102
19
188
166
79
176
141
225
126
35
233
144
248
95
221
111
246
36
116
3
132
176
67
174
66
183
5
14
124
109
52
66
248
53
169
41
199
228
176
97
46
233
19
87
2
67
51
55
234
196
103
158
153
201
144
175
201
14
100
145
171
128
102
17
233
168
146
196
175
180
161
19
110
19
207
149
158
230
172
249
132
200
29
178
7
143
162
47
158
244
90
186
128
31
176
167
131
2
103
84
170
104
129
54
35
85
49
134
244
245
18
220
91
101
13
220